K = [[-1.5 -2.5  0. ]
 [-1.5  2.5  0. ]
 [-0.5  2.5  0. ]
 [-0.5  0.5  0. ]
 [ 0.5  2.5  0. ]
 [ 1.5  2.5  0. ]
 [ 0.5  0.5  0. ]
 [ 1.5 -2.5  0. ]
 [ 0.5 -2.5  0. ]
 [-0.5 -0.5  0. ]
 [-0.5 -2.5  0. ]
 [-1.5 -2.5  0. ]]

E = [[ 4.75 -3.75  0.  ]
 [ 4.75  1.25  0.  ]
 [ 7.75  1.25  0.  ]
 [ 7.75  0.25  0.  ]
 [ 5.75  0.25  0.  ]
 [ 5.75 -0.75  0.  ]
 [ 7.75 -0.75  0.  ]
 [ 7.75 -1.75  0.  ]
 [ 5.75 -1.75  0.  ]
 [ 5.75 -2.75  0.  ]
 [ 7.75 -2.75  0.  ]
 [ 7.75 -3.75  0.  ]
 [ 4.75 -3.75  0.  ]]

L = [[ 11.  -3.   0.]
 [ 11.   1.   0.]
 [ 13.   1.   0.]
 [ 13.  -1.   0.]
 [ 15.  -1.   0.]
 [ 15.  -3.   0.]
 [ 11.  -3.   0.]]