K = [[-1.5     -2.46922 -0.39109]
 [-1.5      2.46922  0.39109]
 [-0.5      2.46922  0.39109]
 [-0.5      0.49384  0.07822]
 [ 0.5      2.46922  0.39109]
 [ 1.5      2.46922  0.39109]
 [ 0.5      0.49384  0.07822]
 [ 1.5     -2.46922 -0.39109]
 [ 0.5     -2.46922 -0.39109]
 [-0.5     -0.49384 -0.07822]
 [-0.5     -2.46922 -0.39109]
 [-1.5     -2.46922 -0.39109]]

E = [[ 4.97988 -4.84375  0.05553]
 [ 4.97988  0.15625  0.05553]
 [ 7.96344  0.15625 -0.25805]
 [ 7.96344 -0.84375 -0.25805]
 [ 5.9744  -0.84375 -0.049  ]
 [ 5.9744  -1.84375 -0.049  ]
 [ 7.96344 -1.84375 -0.25805]
 [ 7.96344 -2.84375 -0.25805]
 [ 5.9744  -2.84375 -0.049  ]
 [ 5.9744  -3.84375 -0.049  ]
 [ 7.96344 -3.84375 -0.25805]
 [ 7.96344 -4.84375 -0.25805]
 [ 4.97988 -4.84375  0.05553]]

L = [[ 12.43269  -4.03413   0.     ]
 [ 11.39742  -0.17043   0.     ]
 [ 13.32927   0.34721   0.     ]
 [ 13.84691  -1.58464   0.     ]
 [ 15.77876  -1.06701   0.     ]
 [ 16.2964   -2.99886   0.     ]
 [ 12.43269  -4.03413   0.     ]]