K = [[-1.5 -0.  -2.5]
 [-1.5  0.   2.5]
 [-0.5  0.   2.5]
 [-0.5  0.   0.5]
 [ 0.5  0.   2.5]
 [ 1.5  0.   2.5]
 [ 0.5  0.   0.5]
 [ 1.5 -0.  -2.5]
 [ 0.5 -0.  -2.5]
 [-0.5 -0.  -0.5]
 [-0.5 -0.  -2.5]
 [-1.5 -0.  -2.5]]

E = [[  6.35068000e+00  -5.00000000e+00  -1.00600000e-02]
 [  6.35068000e+00   1.00000000e-05  -1.00600000e-02]
 [  7.85068000e+00   1.00000000e-05  -2.60811000e+00]
 [  7.85068000e+00  -1.00002000e+00  -2.60811000e+00]
 [  6.85064000e+00  -1.00002000e+00  -8.76130000e-01]
 [  6.85064000e+00  -1.99999000e+00  -8.76130000e-01]
 [  7.85068000e+00  -1.99999000e+00  -2.60811000e+00]
 [  7.85068000e+00  -2.99996000e+00  -2.60811000e+00]
 [  6.85064000e+00  -2.99996000e+00  -8.76130000e-01]
 [  6.85064000e+00  -3.99996000e+00  -8.76130000e-01]
 [  7.85068000e+00  -3.99996000e+00  -2.60811000e+00]
 [  7.85068000e+00  -5.00000000e+00  -2.60811000e+00]
 [  6.35068000e+00  -5.00000000e+00  -1.00600000e-02]]

L = [[ 16.33809  -1.79494   0.     ]
 [ 14.33811  -5.25905   0.     ]
 [ 12.60604  -4.25902   0.     ]
 [ 13.60601  -2.52698   0.     ]
 [ 11.87401  -1.52696   0.     ]
 [ 12.87402   0.20511   0.     ]
 [ 16.33809  -1.79494   0.     ]]