K = [[-1.5  2.5 -0. ]
 [-1.5 -2.5  0. ]
 [-0.5 -2.5  0. ]
 [-0.5 -0.5  0. ]
 [ 0.5 -2.5  0. ]
 [ 1.5 -2.5  0. ]
 [ 0.5 -0.5  0. ]
 [ 1.5  2.5 -0. ]
 [ 0.5  2.5 -0. ]
 [-0.5  0.5 -0. ]
 [-0.5  2.5 -0. ]
 [-1.5  2.5 -0. ]]

E = [[  7.85069000e+00  -5.00000000e+00  -2.60807000e+00]
 [  7.85069000e+00   1.00000000e-05  -2.60807000e+00]
 [  6.35072000e+00   1.00000000e-05  -1.00700000e-02]
 [  6.35072000e+00  -1.00002000e+00  -1.00700000e-02]
 [  7.35073000e+00  -1.00002000e+00  -1.74214000e+00]
 [  7.35073000e+00  -1.99999000e+00  -1.74214000e+00]
 [  6.35072000e+00  -1.99999000e+00  -1.00700000e-02]
 [  6.35072000e+00  -2.99996000e+00  -1.00700000e-02]
 [  7.35073000e+00  -2.99996000e+00  -1.74214000e+00]
 [  7.35073000e+00  -3.99996000e+00  -1.74214000e+00]
 [  6.35072000e+00  -3.99996000e+00  -1.00700000e-02]
 [  6.35072000e+00  -5.00000000e+00  -1.00700000e-02]
 [  7.85069000e+00  -5.00000000e+00  -2.60807000e+00]]

L = [[ 14.14804  -4.11144   0.     ]
 [ 10.68381  -2.11149   0.     ]
 [ 11.68387  -0.37936   0.     ]
 [ 13.4161   -1.37946   0.     ]
 [ 14.41611   0.35256   0.     ]
 [ 16.14819  -0.64727   0.     ]
 [ 14.14804  -4.11144   0.     ]]