K = [[-1.5      2.46922  0.39109]
 [-1.5     -2.46922 -0.39109]
 [-0.5     -2.46922 -0.39109]
 [-0.5     -0.49384 -0.07822]
 [ 0.5     -2.46922 -0.39109]
 [ 1.5     -2.46922 -0.39109]
 [ 0.5     -0.49384 -0.07822]
 [ 1.5      2.46922  0.39109]
 [ 0.5      2.46922  0.39109]
 [-0.5      0.49384  0.07822]
 [-0.5      2.46922  0.39109]
 [-1.5      2.46922  0.39109]]

E = [[  7.84004000e+00  -5.00000000e+00  -2.76599000e+00]
 [  7.84004000e+00   1.00000000e-05  -2.76599000e+00]
 [  6.61986000e+00   1.00000000e-05  -2.54400000e-02]
 [  6.61986000e+00  -1.00002000e+00  -2.54400000e-02]
 [  7.43335000e+00  -1.00002000e+00  -1.85255000e+00]
 [  7.43335000e+00  -1.99999000e+00  -1.85255000e+00]
 [  6.61986000e+00  -1.99999000e+00  -2.54400000e-02]
 [  6.61986000e+00  -2.99996000e+00  -2.54400000e-02]
 [  7.43335000e+00  -2.99996000e+00  -1.85255000e+00]
 [  7.43335000e+00  -3.99996000e+00  -1.85255000e+00]
 [  6.61986000e+00  -3.99996000e+00  -2.54400000e-02]
 [  6.61986000e+00  -5.00000000e+00  -2.54400000e-02]
 [  7.84004000e+00  -5.00000000e+00  -2.76599000e+00]]

L = [[ 15.03233  -4.04042   0.     ]
 [ 11.16851  -3.00523   0.     ]
 [ 11.6862   -1.07328   0.     ]
 [ 13.61825  -1.59097   0.     ]
 [ 14.1359    0.34085   0.     ]
 [ 16.06772  -0.17662   0.     ]
 [ 15.03233  -4.04042   0.     ]]