K = [[-1.5      2.37764  0.77254]
 [-1.5     -2.37764 -0.77254]
 [-0.5     -2.37764 -0.77254]
 [-0.5     -0.47553 -0.15451]
 [ 0.5     -2.37764 -0.77254]
 [ 1.5     -2.37764 -0.77254]
 [ 0.5     -0.47553 -0.15451]
 [ 1.5      2.37764  0.77254]
 [ 0.5      2.37764  0.77254]
 [-0.5      0.47553  0.15451]
 [-0.5      2.37764  0.77254]
 [-1.5      2.37764  0.77254]]

E = [[  7.83107000e+00  -5.00000000e+00  -2.89491000e+00]
 [  7.83107000e+00   1.00000000e-05  -2.89491000e+00]
 [  6.90404000e+00   1.00000000e-05  -4.18300000e-02]
 [  6.90404000e+00  -1.00002000e+00  -4.18300000e-02]
 [  7.52209000e+00  -1.00002000e+00  -1.94396000e+00]
 [  7.52209000e+00  -1.99999000e+00  -1.94396000e+00]
 [  6.90404000e+00  -1.99999000e+00  -4.18300000e-02]
 [  6.90404000e+00  -2.99996000e+00  -4.18300000e-02]
 [  7.52209000e+00  -2.99996000e+00  -1.94396000e+00]
 [  7.52209000e+00  -3.99996000e+00  -1.94396000e+00]
 [  6.90404000e+00  -3.99996000e+00  -4.18300000e-02]
 [  6.90404000e+00  -5.00000000e+00  -4.18300000e-02]
 [  7.83107000e+00  -5.00000000e+00  -2.89491000e+00]]

L = [[ 15.99588  -3.68905   0.     ]
 [ 11.99579  -3.68917   0.     ]
 [ 11.99582  -1.68907   0.     ]
 [ 13.99602  -1.68907   0.     ]
 [ 13.99604   0.3109    0.     ]
 [ 15.99597   0.31107   0.     ]
 [ 15.99588  -3.68905   0.     ]]