K = [[-1.5      2.22752  1.13498]
 [-1.5     -2.22752 -1.13498]
 [-0.5     -2.22752 -1.13498]
 [-0.5     -0.4455  -0.227  ]
 [ 0.5     -2.22752 -1.13498]
 [ 1.5     -2.22752 -1.13498]
 [ 0.5     -0.4455  -0.227  ]
 [ 1.5      2.22752  1.13498]
 [ 0.5      2.22752  1.13498]
 [-0.5      0.4455   0.227  ]
 [-0.5      2.22752  1.13498]
 [-1.5      2.22752  1.13498]]

E = [[  7.82386000e+00  -5.00000000e+00  -2.99342000e+00]
 [  7.82386000e+00   1.00000000e-05  -2.99342000e+00]
 [  7.20013000e+00   1.00000000e-05  -5.90700000e-02]
 [  7.20013000e+00  -1.00002000e+00  -5.90700000e-02]
 [  7.61598000e+00  -1.00002000e+00  -2.01538000e+00]
 [  7.61598000e+00  -1.99999000e+00  -2.01538000e+00]
 [  7.20013000e+00  -1.99999000e+00  -5.90700000e-02]
 [  7.20013000e+00  -2.99996000e+00  -5.90700000e-02]
 [  7.61598000e+00  -2.99996000e+00  -2.01538000e+00]
 [  7.61598000e+00  -3.99996000e+00  -2.01538000e+00]
 [  7.20013000e+00  -3.99996000e+00  -5.90700000e-02]
 [  7.20013000e+00  -5.00000000e+00  -5.90700000e-02]
 [  7.82386000e+00  -5.00000000e+00  -2.99342000e+00]]

L = [[ 16.43891  -3.30878   0.     ]
 [ 12.57515  -4.34419   0.     ]
 [ 12.05753  -2.41224   0.     ]
 [ 13.98956  -1.89455   0.     ]
 [ 13.47196   0.03729   0.     ]
 [ 15.40369   0.55507   0.     ]
 [ 16.43891  -3.30878   0.     ]]