K = [[-1.5      2.02254  1.46946]
 [-1.5     -2.02254 -1.46946]
 [-0.5     -2.02254 -1.46946]
 [-0.5     -0.40451 -0.29389]
 [ 0.5     -2.02254 -1.46946]
 [ 1.5     -2.02254 -1.46946]
 [ 0.5     -0.40451 -0.29389]
 [ 1.5      2.02254  1.46946]
 [ 0.5      2.02254  1.46946]
 [-0.5      0.40451  0.29389]
 [-0.5      2.02254  1.46946]
 [-1.5      2.02254  1.46946]]

E = [[  7.81849000e+00  -5.00000000e+00  -3.06044000e+00]
 [  7.81849000e+00   1.00000000e-05  -3.06044000e+00]
 [  7.50490000e+00   1.00000000e-05  -7.69700000e-02]
 [  7.50490000e+00  -1.00002000e+00  -7.69700000e-02]
 [  7.71399000e+00  -1.00002000e+00  -2.06603000e+00]
 [  7.71399000e+00  -1.99999000e+00  -2.06603000e+00]
 [  7.50490000e+00  -1.99999000e+00  -7.69700000e-02]
 [  7.50490000e+00  -2.99996000e+00  -7.69700000e-02]
 [  7.71399000e+00  -2.99996000e+00  -2.06603000e+00]
 [  7.71399000e+00  -3.99996000e+00  -2.06603000e+00]
 [  7.50490000e+00  -3.99996000e+00  -7.69700000e-02]
 [  7.50490000e+00  -5.00000000e+00  -7.69700000e-02]
 [  7.81849000e+00  -5.00000000e+00  -3.06044000e+00]]

L = [[ 16.46691  -2.99935   0.     ]
 [ 13.00279  -4.99951   0.     ]
 [ 12.00278  -3.26735   0.     ]
 [ 13.73499  -2.26726   0.     ]
 [ 12.73503  -0.53521   0.     ]
 [ 14.46693   0.46489   0.     ]
 [ 16.46691  -2.99935   0.     ]]