K = [[-1.5      1.76777  1.76777]
 [-1.5     -1.76777 -1.76777]
 [-0.5     -1.76777 -1.76777]
 [-0.5     -0.35355 -0.35355]
 [ 0.5     -1.76777 -1.76777]
 [ 1.5     -1.76777 -1.76777]
 [ 0.5     -0.35355 -0.35355]
 [ 1.5      1.76777  1.76777]
 [ 0.5      1.76777  1.76777]
 [-0.5      0.35355  0.35355]
 [-0.5      1.76777  1.76777]
 [-1.5      1.76777  1.76777]]

E = [[  7.81501000e+00  -5.00000000e+00  -3.09524000e+00]
 [  7.81501000e+00   1.00000000e-05  -3.09524000e+00]
 [  7.81500000e+00   1.00000000e-05  -9.53300000e-02]
 [  7.81500000e+00  -1.00002000e+00  -9.53300000e-02]
 [  7.81504000e+00  -1.00002000e+00  -2.09535000e+00]
 [  7.81504000e+00  -1.99999000e+00  -2.09535000e+00]
 [  7.81500000e+00  -1.99999000e+00  -9.53300000e-02]
 [  7.81500000e+00  -2.99996000e+00  -9.53300000e-02]
 [  7.81504000e+00  -2.99996000e+00  -2.09535000e+00]
 [  7.81504000e+00  -3.99996000e+00  -2.09535000e+00]
 [  7.81500000e+00  -3.99996000e+00  -9.53300000e-02]
 [  7.81500000e+00  -5.00000000e+00  -9.53300000e-02]
 [  7.81501000e+00  -5.00000000e+00  -3.09524000e+00]]

L = [[ 16.42149  -2.49851   0.     ]
 [ 13.59309  -5.3271    0.     ]
 [ 12.17885  -3.91277   0.     ]
 [ 13.59319  -2.49843   0.     ]
 [ 12.17901  -1.08421   0.     ]
 [ 13.59306   0.33006   0.     ]
 [ 16.42149  -2.49851   0.     ]]