K = [[-1.5      1.46946  2.02254]
 [-1.5     -1.46946 -2.02254]
 [-0.5     -1.46946 -2.02254]
 [-0.5     -0.29389 -0.40451]
 [ 0.5     -1.46946 -2.02254]
 [ 1.5     -1.46946 -2.02254]
 [ 0.5     -0.29389 -0.40451]
 [ 1.5      1.46946  2.02254]
 [ 0.5      1.46946  2.02254]
 [-0.5      0.29389  0.40451]
 [-0.5      1.46946  2.02254]
 [-1.5      1.46946  2.02254]]

E = [[  7.65670000e+00  -5.00000000e+00  -3.09745000e+00]
 [  7.65670000e+00   1.00000000e-05  -3.09745000e+00]
 [  7.97026000e+00   1.00000000e-05  -1.13960000e-01]
 [  7.97026000e+00  -1.00002000e+00  -1.13960000e-01]
 [  7.76124000e+00  -1.00002000e+00  -2.10303000e+00]
 [  7.76124000e+00  -1.99999000e+00  -2.10303000e+00]
 [  7.97026000e+00  -1.99999000e+00  -1.13960000e-01]
 [  7.97026000e+00  -2.99996000e+00  -1.13960000e-01]
 [  7.76124000e+00  -2.99996000e+00  -2.10303000e+00]
 [  7.76124000e+00  -3.99996000e+00  -2.10303000e+00]
 [  7.97026000e+00  -3.99996000e+00  -1.13960000e-01]
 [  7.97026000e+00  -5.00000000e+00  -1.13960000e-01]
 [  7.65670000e+00  -5.00000000e+00  -3.09745000e+00]]

L = [[ 16.33811  -1.79504   0.     ]
 [ 14.33819  -5.2593    0.     ]
 [ 12.60608  -4.25918   0.     ]
 [ 13.60617  -2.52698   0.     ]
 [ 11.87415  -1.52696   0.     ]
 [ 12.87397   0.2051    0.     ]
 [ 16.33811  -1.79504   0.     ]]