K = [[-1.5      1.13498  2.22752]
 [-1.5     -1.13498 -2.22752]
 [-0.5     -1.13498 -2.22752]
 [-0.5     -0.227   -0.4455 ]
 [ 0.5     -1.13498 -2.22752]
 [ 1.5     -1.13498 -2.22752]
 [ 0.5     -0.227   -0.4455 ]
 [ 1.5      1.13498  2.22752]
 [ 0.5      1.13498  2.22752]
 [-0.5      0.227    0.4455 ]
 [-0.5      1.13498  2.22752]
 [-1.5      1.13498  2.22752]]

E = [[  7.36564000e+00  -5.00000000e+00  -3.05268000e+00]
 [  7.36564000e+00   1.00000000e-05  -3.05268000e+00]
 [  7.98933000e+00   1.00000000e-05  -1.18310000e-01]
 [  7.98933000e+00  -1.00002000e+00  -1.18310000e-01]
 [  7.57355000e+00  -1.00002000e+00  -2.07463000e+00]
 [  7.57355000e+00  -1.99999000e+00  -2.07463000e+00]
 [  7.98933000e+00  -1.99999000e+00  -1.18310000e-01]
 [  7.98933000e+00  -2.99996000e+00  -1.18310000e-01]
 [  7.57355000e+00  -2.99996000e+00  -2.07463000e+00]
 [  7.57355000e+00  -3.99996000e+00  -2.07463000e+00]
 [  7.98933000e+00  -3.99996000e+00  -1.18310000e-01]
 [  7.98933000e+00  -5.00000000e+00  -1.18310000e-01]
 [  7.36564000e+00  -5.00000000e+00  -3.05268000e+00]]

L = [[ 16.22488  -0.93036   0.     ]
 [ 15.18972  -4.79419   0.     ]
 [ 13.25778  -4.27646   0.     ]
 [ 13.77546  -2.34443   0.     ]
 [ 11.84364  -1.82676   0.     ]
 [ 12.36109   0.10505   0.     ]
 [ 16.22488  -0.93036   0.     ]]