K = [[-1.5      0.77254  2.37764]
 [-1.5     -0.77254 -2.37764]
 [-0.5     -0.77254 -2.37764]
 [-0.5     -0.15451 -0.47553]
 [ 0.5     -0.77254 -2.37764]
 [ 1.5     -0.77254 -2.37764]
 [ 0.5     -0.15451 -0.47553]
 [ 1.5      0.77254  2.37764]
 [ 0.5      0.77254  2.37764]
 [-0.5      0.15451  0.47553]
 [-0.5      0.77254  2.37764]
 [-1.5      0.77254  2.37764]]

E = [[  7.06466000e+00  -5.00000000e+00  -2.97220000e+00]
 [  7.06466000e+00   1.00000000e-05  -2.97220000e+00]
 [  7.99165000e+00   1.00000000e-05  -1.19100000e-01]
 [  7.99165000e+00  -1.00002000e+00  -1.19100000e-01]
 [  7.37366000e+00  -1.00002000e+00  -2.02124000e+00]
 [  7.37366000e+00  -1.99999000e+00  -2.02124000e+00]
 [  7.99165000e+00  -1.99999000e+00  -1.19100000e-01]
 [  7.99165000e+00  -2.99996000e+00  -1.19100000e-01]
 [  7.37366000e+00  -2.99996000e+00  -2.02124000e+00]
 [  7.37366000e+00  -3.99996000e+00  -2.02124000e+00]
 [  7.99165000e+00  -3.99996000e+00  -1.19100000e-01]
 [  7.99165000e+00  -5.00000000e+00  -1.19100000e-01]
 [  7.06466000e+00  -5.00000000e+00  -2.97220000e+00]]

L = [[ 16.08953   0.03746   0.     ]
 [ 16.08967  -3.96263   0.     ]
 [ 14.08956  -3.96256   0.     ]
 [ 14.08955  -1.96237   0.     ]
 [ 12.08958  -1.96233   0.     ]
 [ 12.0894    0.03759   0.     ]
 [ 16.08953   0.03746   0.     ]]