K = [[-1.5      0.39109  2.46922]
 [-1.5     -0.39109 -2.46922]
 [-0.5     -0.39109 -2.46922]
 [-0.5     -0.07822 -0.49384]
 [ 0.5     -0.39109 -2.46922]
 [ 1.5     -0.39109 -2.46922]
 [ 0.5     -0.07822 -0.49384]
 [ 1.5      0.39109  2.46922]
 [ 0.5      0.39109  2.46922]
 [-0.5      0.07822  0.49384]
 [-0.5      0.39109  2.46922]
 [-1.5      0.39109  2.46922]]

E = [[  6.77178000e+00  -5.00000000e+00  -2.85981000e+00]
 [  6.77178000e+00   1.00000000e-05  -2.85981000e+00]
 [  7.99193000e+00   1.00000000e-05  -1.19220000e-01]
 [  7.99193000e+00  -1.00002000e+00  -1.19220000e-01]
 [  7.17850000e+00  -1.00002000e+00  -1.94635000e+00]
 [  7.17850000e+00  -1.99999000e+00  -1.94635000e+00]
 [  7.99193000e+00  -1.99999000e+00  -1.19220000e-01]
 [  7.99193000e+00  -2.99996000e+00  -1.19220000e-01]
 [  7.17850000e+00  -2.99996000e+00  -1.94635000e+00]
 [  7.17850000e+00  -3.99996000e+00  -1.94635000e+00]
 [  7.99193000e+00  -3.99996000e+00  -1.19220000e-01]
 [  7.99193000e+00  -5.00000000e+00  -1.19220000e-01]
 [  6.77178000e+00  -5.00000000e+00  -2.85981000e+00]]

L = [[ 15.42369   0.525     0.     ]
 [ 16.45913  -3.33875   0.     ]
 [ 14.52714  -3.85635   0.     ]
 [ 14.00945  -1.92432   0.     ]
 [ 12.07761  -2.44191   0.     ]
 [ 11.55982  -0.51019   0.     ]
 [ 15.42369   0.525     0.     ]]