K = [[-1.5      0.39109 -2.46922]
 [-1.5     -0.39109  2.46922]
 [-0.5     -0.39109  2.46922]
 [-0.5     -0.07822  0.49384]
 [ 0.5     -0.39109  2.46922]
 [ 1.5     -0.39109  2.46922]
 [ 0.5     -0.07822  0.49384]
 [ 1.5      0.39109 -2.46922]
 [ 0.5      0.39109 -2.46922]
 [-0.5      0.07822 -0.49384]
 [-0.5      0.39109 -2.46922]
 [-1.5      0.39109 -2.46922]]

E = [[  6.61983000e+00  -5.00000000e+00  -2.54300000e-02]
 [  6.61983000e+00   1.00000000e-05  -2.54300000e-02]
 [  7.84004000e+00   1.00000000e-05  -2.76605000e+00]
 [  7.84004000e+00  -1.00002000e+00  -2.76605000e+00]
 [  7.02652000e+00  -1.00002000e+00  -9.39010000e-01]
 [  7.02652000e+00  -1.99999000e+00  -9.39010000e-01]
 [  7.84004000e+00  -1.99999000e+00  -2.76605000e+00]
 [  7.84004000e+00  -2.99996000e+00  -2.76605000e+00]
 [  7.02652000e+00  -2.99996000e+00  -9.39010000e-01]
 [  7.02652000e+00  -3.99996000e+00  -9.39010000e-01]
 [  7.84004000e+00  -3.99996000e+00  -2.76605000e+00]
 [  7.84004000e+00  -5.00000000e+00  -2.76605000e+00]
 [  6.61983000e+00  -5.00000000e+00  -2.54300000e-02]]

L = [[ 16.22486  -0.93026   0.     ]
 [ 15.18959  -4.79398   0.     ]
 [ 13.25772  -4.27632   0.     ]
 [ 13.77533  -2.34449   0.     ]
 [ 11.84352  -1.82683   0.     ]
 [ 12.36117   0.10506   0.     ]
 [ 16.22486  -0.93026   0.     ]]