K = [[-1.5  0.   2.5]
 [-1.5 -0.  -2.5]
 [-0.5 -0.  -2.5]
 [-0.5 -0.  -0.5]
 [ 0.5 -0.  -2.5]
 [ 1.5 -0.  -2.5]
 [ 0.5 -0.  -0.5]
 [ 1.5  0.   2.5]
 [ 0.5  0.   2.5]
 [-0.5  0.   0.5]
 [-0.5  0.   2.5]
 [-1.5  0.   2.5]]

E = [[  6.49202000e+00  -5.00000000e+00  -2.71727000e+00]
 [  6.49202000e+00   1.00000000e-05  -2.71727000e+00]
 [  7.99196000e+00   1.00000000e-05  -1.19250000e-01]
 [  7.99196000e+00  -1.00002000e+00  -1.19250000e-01]
 [  6.99200000e+00  -1.00002000e+00  -1.85134000e+00]
 [  6.99200000e+00  -1.99999000e+00  -1.85134000e+00]
 [  7.99196000e+00  -1.99999000e+00  -1.19250000e-01]
 [  7.99196000e+00  -2.99996000e+00  -1.19250000e-01]
 [  6.99200000e+00  -2.99996000e+00  -1.85134000e+00]
 [  6.99200000e+00  -3.99996000e+00  -1.85134000e+00]
 [  7.99196000e+00  -3.99996000e+00  -1.19250000e-01]
 [  7.99196000e+00  -5.00000000e+00  -1.19250000e-01]
 [  6.49202000e+00  -5.00000000e+00  -2.71727000e+00]]

L = [[ 14.47015   0.46189   0.     ]
 [ 16.47031  -3.00222   0.     ]
 [ 14.73812  -4.00222   0.     ]
 [ 13.73803  -2.27001   0.     ]
 [ 12.00597  -3.26996   0.     ]
 [ 11.00586  -1.53807   0.     ]
 [ 14.47015   0.46189   0.     ]]