K = [[-1.5     -0.39109  2.46922]
 [-1.5      0.39109 -2.46922]
 [-0.5      0.39109 -2.46922]
 [-0.5      0.07822 -0.49384]
 [ 0.5      0.39109 -2.46922]
 [ 1.5      0.39109 -2.46922]
 [ 0.5      0.07822 -0.49384]
 [ 1.5     -0.39109  2.46922]
 [ 0.5     -0.39109  2.46922]
 [-0.5     -0.07822  0.49384]
 [-0.5     -0.39109  2.46922]
 [-1.5     -0.39109  2.46922]]

E = [[  6.22867000e+00  -5.00000000e+00  -2.54626000e+00]
 [  6.22867000e+00   1.00000000e-05  -2.54626000e+00]
 [  7.99196000e+00   1.00000000e-05  -1.19250000e-01]
 [  7.99196000e+00  -1.00002000e+00  -1.19250000e-01]
 [  6.81643000e+00  -1.00002000e+00  -1.73732000e+00]
 [  6.81643000e+00  -1.99999000e+00  -1.73732000e+00]
 [  7.99196000e+00  -1.99999000e+00  -1.19250000e-01]
 [  7.99196000e+00  -2.99996000e+00  -1.19250000e-01]
 [  6.81643000e+00  -2.99996000e+00  -1.73732000e+00]
 [  6.81643000e+00  -3.99996000e+00  -1.73732000e+00]
 [  7.99196000e+00  -3.99996000e+00  -1.19250000e-01]
 [  7.99196000e+00  -5.00000000e+00  -1.19250000e-01]
 [  6.22867000e+00  -5.00000000e+00  -2.54626000e+00]]

L = [[ 13.59339   0.32978   0.     ]
 [ 16.42198  -2.49861   0.     ]
 [ 15.00763  -3.91287   0.     ]
 [ 13.59329  -2.49853   0.     ]
 [ 12.17905  -3.9127    0.     ]
 [ 10.76477  -2.49867   0.     ]
 [ 13.59339   0.32978   0.     ]]