K = [[-1.5     -0.77254  2.37764]
 [-1.5      0.77254 -2.37764]
 [-0.5      0.77254 -2.37764]
 [-0.5      0.15451 -0.47553]
 [ 0.5      0.77254 -2.37764]
 [ 1.5      0.77254 -2.37764]
 [ 0.5      0.15451 -0.47553]
 [ 1.5     -0.77254  2.37764]
 [ 0.5     -0.77254  2.37764]
 [-0.5     -0.15451  0.47553]
 [-0.5     -0.77254  2.37764]
 [-1.5     -0.77254  2.37764]]

E = [[  5.98464000e+00  -5.00000000e+00  -2.34866000e+00]
 [  5.98464000e+00   1.00000000e-05  -2.34866000e+00]
 [  7.99196000e+00   1.00000000e-05  -1.19250000e-01]
 [  7.99196000e+00  -1.00002000e+00  -1.19250000e-01]
 [  6.65374000e+00  -1.00002000e+00  -1.60558000e+00]
 [  6.65374000e+00  -1.99999000e+00  -1.60558000e+00]
 [  7.99196000e+00  -1.99999000e+00  -1.19250000e-01]
 [  7.99196000e+00  -2.99996000e+00  -1.19250000e-01]
 [  6.65374000e+00  -2.99996000e+00  -1.60558000e+00]
 [  6.65374000e+00  -3.99996000e+00  -1.60558000e+00]
 [  7.99196000e+00  -3.99996000e+00  -1.19250000e-01]
 [  7.99196000e+00  -5.00000000e+00  -1.19250000e-01]
 [  5.98464000e+00  -5.00000000e+00  -2.34866000e+00]]

L = [[ 12.8739    0.20506   0.     ]
 [ 16.33816  -1.79486   0.     ]
 [ 15.33803  -3.52699   0.     ]
 [ 13.60582  -2.5269    0.     ]
 [ 12.60578  -4.25892   0.     ]
 [ 10.87372  -3.25911   0.     ]
 [ 12.8739    0.20506   0.     ]]