K = [[-1.5     -1.13498  2.22752]
 [-1.5      1.13498 -2.22752]
 [-0.5      1.13498 -2.22752]
 [-0.5      0.227   -0.4455 ]
 [ 0.5      1.13498 -2.22752]
 [ 1.5      1.13498 -2.22752]
 [ 0.5      0.227   -0.4455 ]
 [ 1.5     -1.13498  2.22752]
 [ 0.5     -1.13498  2.22752]
 [-0.5     -0.227    0.4455 ]
 [-0.5     -1.13498  2.22752]
 [-1.5     -1.13498  2.22752]]

E = [[  5.76260000e+00  -5.00000000e+00  -2.12663000e+00]
 [  5.76260000e+00   1.00000000e-05  -2.12663000e+00]
 [  7.99196000e+00   1.00000000e-05  -1.19250000e-01]
 [  7.99196000e+00  -1.00002000e+00  -1.19250000e-01]
 [  6.50571000e+00  -1.00002000e+00  -1.45755000e+00]
 [  6.50571000e+00  -1.99999000e+00  -1.45755000e+00]
 [  7.99196000e+00  -1.99999000e+00  -1.19250000e-01]
 [  7.99196000e+00  -2.99996000e+00  -1.19250000e-01]
 [  6.50571000e+00  -2.99996000e+00  -1.45755000e+00]
 [  6.50571000e+00  -3.99996000e+00  -1.45755000e+00]
 [  7.99196000e+00  -3.99996000e+00  -1.19250000e-01]
 [  7.99196000e+00  -5.00000000e+00  -1.19250000e-01]
 [  5.76260000e+00  -5.00000000e+00  -2.12663000e+00]]

L = [[ 12.36102   0.10503   0.     ]
 [ 16.22486  -0.93012   0.     ]
 [ 15.70711  -2.86208   0.     ]
 [ 13.77509  -2.34441   0.     ]
 [ 13.2574   -4.27623   0.     ]
 [ 11.32559  -3.75878   0.     ]
 [ 12.36102   0.10503   0.     ]]