K = [[-1.5     -1.46946  2.02254]
 [-1.5      1.46946 -2.02254]
 [-0.5      1.46946 -2.02254]
 [-0.5      0.29389 -0.40451]
 [ 0.5      1.46946 -2.02254]
 [ 1.5      1.46946 -2.02254]
 [ 0.5      0.29389 -0.40451]
 [ 1.5     -1.46946  2.02254]
 [ 0.5     -1.46946  2.02254]
 [-0.5     -0.29389  0.40451]
 [-0.5     -1.46946  2.02254]
 [-1.5     -1.46946  2.02254]]

E = [[  5.56499000e+00  -5.00000000e+00  -1.88260000e+00]
 [  5.56499000e+00   1.00000000e-05  -1.88260000e+00]
 [  7.99196000e+00   1.00000000e-05  -1.19250000e-01]
 [  7.99196000e+00  -1.00002000e+00  -1.19250000e-01]
 [  6.37397000e+00  -1.00002000e+00  -1.29486000e+00]
 [  6.37397000e+00  -1.99999000e+00  -1.29486000e+00]
 [  7.99196000e+00  -1.99999000e+00  -1.19250000e-01]
 [  7.99196000e+00  -2.99996000e+00  -1.19250000e-01]
 [  6.37397000e+00  -2.99996000e+00  -1.29486000e+00]
 [  6.37397000e+00  -3.99996000e+00  -1.29486000e+00]
 [  7.99196000e+00  -3.99996000e+00  -1.19250000e-01]
 [  7.99196000e+00  -5.00000000e+00  -1.19250000e-01]
 [  5.56499000e+00  -5.00000000e+00  -1.88260000e+00]]

L = [[ 12.08947   0.0375    0.     ]
 [ 16.08956   0.03766   0.     ]
 [ 16.08949  -1.96248   0.     ]
 [ 14.08931  -1.96249   0.     ]
 [ 14.08925  -3.96246   0.     ]
 [ 12.08934  -3.96263   0.     ]
 [ 12.08947   0.0375    0.     ]]