K = [[-1.5     -1.76777  1.76777]
 [-1.5      1.76777 -1.76777]
 [-0.5      1.76777 -1.76777]
 [-0.5      0.35355 -0.35355]
 [ 0.5      1.76777 -1.76777]
 [ 1.5      1.76777 -1.76777]
 [ 0.5      0.35355 -0.35355]
 [ 1.5     -1.76777  1.76777]
 [ 0.5     -1.76777  1.76777]
 [-0.5     -0.35355  0.35355]
 [-0.5     -1.76777  1.76777]
 [-1.5     -1.76777  1.76777]]

E = [[  5.39397000e+00  -5.00000000e+00  -1.61926000e+00]
 [  5.39397000e+00   1.00000000e-05  -1.61926000e+00]
 [  7.99196000e+00   1.00000000e-05  -1.19250000e-01]
 [  7.99196000e+00  -1.00002000e+00  -1.19250000e-01]
 [  6.25995000e+00  -1.00002000e+00  -1.11929000e+00]
 [  6.25995000e+00  -1.99999000e+00  -1.11929000e+00]
 [  7.99196000e+00  -1.99999000e+00  -1.19250000e-01]
 [  7.99196000e+00  -2.99996000e+00  -1.19250000e-01]
 [  6.25995000e+00  -2.99996000e+00  -1.11929000e+00]
 [  6.25995000e+00  -3.99996000e+00  -1.11929000e+00]
 [  7.99196000e+00  -3.99996000e+00  -1.19250000e-01]
 [  7.99196000e+00  -5.00000000e+00  -1.19250000e-01]
 [  5.39397000e+00  -5.00000000e+00  -1.61926000e+00]]

L = [[ 11.8189   -0.51037   0.     ]
 [ 15.68265   0.52508   0.     ]
 [ 16.20025  -1.40692   0.     ]
 [ 14.26823  -1.92461   0.     ]
 [ 14.7858   -3.85646   0.     ]
 [ 12.85408  -4.37424   0.     ]
 [ 11.8189   -0.51037   0.     ]]