K = [[-1.5     -2.02254  1.46946]
 [-1.5      2.02254 -1.46946]
 [-0.5      2.02254 -1.46946]
 [-0.5      0.40451 -0.29389]
 [ 0.5      2.02254 -1.46946]
 [ 1.5      2.02254 -1.46946]
 [ 0.5      0.40451 -0.29389]
 [ 1.5     -2.02254  1.46946]
 [ 0.5     -2.02254  1.46946]
 [-0.5     -0.40451  0.29389]
 [-0.5     -2.02254  1.46946]
 [-1.5     -2.02254  1.46946]]

E = [[  5.25141000e+00  -5.00000000e+00  -1.33948000e+00]
 [  5.25141000e+00   1.00000000e-05  -1.33948000e+00]
 [  7.99196000e+00   1.00000000e-05  -1.19250000e-01]
 [  7.99196000e+00  -1.00002000e+00  -1.19250000e-01]
 [  6.16491000e+00  -1.00002000e+00  -9.32760000e-01]
 [  6.16491000e+00  -1.99999000e+00  -9.32760000e-01]
 [  7.99196000e+00  -1.99999000e+00  -1.19250000e-01]
 [  7.99196000e+00  -2.99996000e+00  -1.19250000e-01]
 [  6.16491000e+00  -2.99996000e+00  -9.32760000e-01]
 [  6.16491000e+00  -3.99996000e+00  -9.32760000e-01]
 [  7.99196000e+00  -3.99996000e+00  -1.19250000e-01]
 [  7.99196000e+00  -5.00000000e+00  -1.19250000e-01]
 [  5.25141000e+00  -5.00000000e+00  -1.33948000e+00]]

L = [[ 11.72495  -1.47965   0.     ]
 [ 15.18906   0.52053   0.     ]
 [ 16.18907  -1.21167   0.     ]
 [ 14.45687  -2.21176   0.     ]
 [ 15.45678  -3.94384   0.     ]
 [ 13.72489  -4.94394   0.     ]
 [ 11.72495  -1.47965   0.     ]]