K = [[-1.5     -2.22752  1.13498]
 [-1.5      2.22752 -1.13498]
 [-0.5      2.22752 -1.13498]
 [-0.5      0.4455  -0.227  ]
 [ 0.5      2.22752 -1.13498]
 [ 1.5      2.22752 -1.13498]
 [ 0.5      0.4455  -0.227  ]
 [ 1.5     -2.22752  1.13498]
 [ 0.5     -2.22752  1.13498]
 [-0.5     -0.4455   0.227  ]
 [-0.5     -2.22752  1.13498]
 [-1.5     -2.22752  1.13498]]

E = [[  5.13888000e+00  -5.00000000e+00  -1.04633000e+00]
 [  5.13888000e+00   1.00000000e-05  -1.04633000e+00]
 [  7.99196000e+00   1.00000000e-05  -1.19250000e-01]
 [  7.99196000e+00  -1.00002000e+00  -1.19250000e-01]
 [  6.08989000e+00  -1.00002000e+00  -7.37320000e-01]
 [  6.08989000e+00  -1.99999000e+00  -7.37320000e-01]
 [  7.99196000e+00  -1.99999000e+00  -1.19250000e-01]
 [  7.99196000e+00  -2.99996000e+00  -1.19250000e-01]
 [  6.08989000e+00  -2.99996000e+00  -7.37320000e-01]
 [  6.08989000e+00  -3.99996000e+00  -7.37320000e-01]
 [  7.99196000e+00  -3.99996000e+00  -1.19250000e-01]
 [  7.99196000e+00  -5.00000000e+00  -1.19250000e-01]
 [  5.13888000e+00  -5.00000000e+00  -1.04633000e+00]]

L = [[ 11.91934  -2.37142   0.     ]
 [ 14.74773   0.4572    0.     ]
 [ 16.162    -0.95717   0.     ]
 [ 14.74766  -2.37151   0.     ]
 [ 16.1618   -3.78578   0.     ]
 [ 14.74776  -5.20004   0.     ]
 [ 11.91934  -2.37142   0.     ]]