K = [[-1.5     -2.37764  0.77254]
 [-1.5      2.37764 -0.77254]
 [-0.5      2.37764 -0.77254]
 [-0.5      0.47553 -0.15451]
 [ 0.5      2.37764 -0.77254]
 [ 1.5      2.37764 -0.77254]
 [ 0.5      0.47553 -0.15451]
 [ 1.5     -2.37764  0.77254]
 [ 0.5     -2.37764  0.77254]
 [-0.5     -0.47553  0.15451]
 [-0.5     -2.37764  0.77254]
 [-1.5     -2.37764  0.77254]]

E = [[  5.05761000e+00  -5.00000000e+00  -7.43020000e-01]
 [  5.05761000e+00   1.00000000e-05  -7.43020000e-01]
 [  7.99196000e+00   1.00000000e-05  -1.19250000e-01]
 [  7.99196000e+00  -1.00002000e+00  -1.19250000e-01]
 [  6.03571000e+00  -1.00002000e+00  -5.35110000e-01]
 [  6.03571000e+00  -1.99999000e+00  -5.35110000e-01]
 [  7.99196000e+00  -1.99999000e+00  -1.19250000e-01]
 [  7.99196000e+00  -2.99996000e+00  -1.19250000e-01]
 [  6.03571000e+00  -2.99996000e+00  -5.35110000e-01]
 [  6.03571000e+00  -3.99996000e+00  -5.35110000e-01]
 [  7.99196000e+00  -3.99996000e+00  -1.19250000e-01]
 [  7.99196000e+00  -5.00000000e+00  -1.19250000e-01]
 [  5.05761000e+00  -5.00000000e+00  -7.43020000e-01]]

L = [[ 12.02164  -3.06922   0.     ]
 [ 14.02155   0.39506   0.     ]
 [ 15.7537   -0.60507   0.     ]
 [ 14.75361  -2.33728   0.     ]
 [ 16.48561  -3.33735   0.     ]
 [ 15.48579  -5.0694    0.     ]
 [ 12.02164  -3.06922   0.     ]]