K = [[-1.5     -2.46922  0.39109]
 [-1.5      2.46922 -0.39109]
 [-0.5      2.46922 -0.39109]
 [-0.5      0.49384 -0.07822]
 [ 0.5      2.46922 -0.39109]
 [ 1.5      2.46922 -0.39109]
 [ 0.5      0.49384 -0.07822]
 [ 1.5     -2.46922  0.39109]
 [ 0.5     -2.46922  0.39109]
 [-0.5     -0.49384  0.07822]
 [-0.5     -2.46922  0.39109]
 [-1.5     -2.46922  0.39109]]

E = [[  5.00849000e+00  -5.00000000e+00  -4.32880000e-01]
 [  5.00849000e+00   1.00000000e-05  -4.32880000e-01]
 [  7.99196000e+00   1.00000000e-05  -1.19250000e-01]
 [  7.99196000e+00  -1.00002000e+00  -1.19250000e-01]
 [  6.00296000e+00  -1.00002000e+00  -3.28340000e-01]
 [  6.00296000e+00  -1.99999000e+00  -3.28340000e-01]
 [  7.99196000e+00  -1.99999000e+00  -1.19250000e-01]
 [  7.99196000e+00  -2.99996000e+00  -1.19250000e-01]
 [  6.00296000e+00  -2.99996000e+00  -3.28340000e-01]
 [  6.00296000e+00  -3.99996000e+00  -3.28340000e-01]
 [  7.99196000e+00  -3.99996000e+00  -1.19250000e-01]
 [  7.99196000e+00  -5.00000000e+00  -1.19250000e-01]
 [  5.00849000e+00  -5.00000000e+00  -4.32880000e-01]]

L = [[ 12.07944  -3.60169   0.     ]
 [ 13.11458   0.26218   0.     ]
 [ 15.04656  -0.25556   0.     ]
 [ 14.52887  -2.18759   0.     ]
 [ 16.46072  -2.70531   0.     ]
 [ 15.94323  -4.63712   0.     ]
 [ 12.07944  -3.60169   0.     ]]