K = [[-1.5      0.77254 -2.37764]
 [-1.5     -0.77254  2.37764]
 [-0.5     -0.77254  2.37764]
 [-0.5     -0.15451  0.47553]
 [ 0.5     -0.77254  2.37764]
 [ 1.5     -0.77254  2.37764]
 [ 0.5     -0.15451  0.47553]
 [ 1.5      0.77254 -2.37764]
 [ 0.5      0.77254 -2.37764]
 [-0.5      0.15451 -0.47553]
 [-0.5      0.77254 -2.37764]
 [-1.5      0.77254 -2.37764]]

E = [[  6.90401000e+00  -5.00000000e+00  -4.18300000e-02]
 [  6.90401000e+00   1.00000000e-05  -4.18300000e-02]
 [  7.83107000e+00   1.00000000e-05  -2.89497000e+00]
 [  7.83107000e+00  -1.00002000e+00  -2.89497000e+00]
 [  7.21298000e+00  -1.00002000e+00  -9.92900000e-01]
 [  7.21298000e+00  -1.99999000e+00  -9.92900000e-01]
 [  7.83107000e+00  -1.99999000e+00  -2.89497000e+00]
 [  7.83107000e+00  -2.99996000e+00  -2.89497000e+00]
 [  7.21298000e+00  -2.99996000e+00  -9.92900000e-01]
 [  7.21298000e+00  -3.99996000e+00  -9.92900000e-01]
 [  7.83107000e+00  -3.99996000e+00  -2.89497000e+00]
 [  7.83107000e+00  -5.00000000e+00  -2.89497000e+00]
 [  6.90401000e+00  -5.00000000e+00  -4.18300000e-02]]

L = [[ 16.08957   0.03755   0.     ]
 [ 16.08959  -3.96247   0.     ]
 [ 14.08957  -3.96245   0.     ]
 [ 14.08953  -1.96247   0.     ]
 [ 12.08958  -1.96244   0.     ]
 [ 12.08957   0.0376    0.     ]
 [ 16.08957   0.03755   0.     ]]