K = [[-1.5 -2.5  0. ]
 [-1.5  2.5 -0. ]
 [-0.5  2.5 -0. ]
 [-0.5  0.5 -0. ]
 [ 0.5  2.5 -0. ]
 [ 1.5  2.5 -0. ]
 [ 0.5  0.5 -0. ]
 [ 1.5 -2.5  0. ]
 [ 0.5 -2.5  0. ]
 [-0.5 -0.5  0. ]
 [-0.5 -2.5  0. ]
 [-1.5 -2.5  0. ]]

E = [[  4.99205000e+00  -5.00000000e+00  -1.19310000e-01]
 [  4.99205000e+00   1.00000000e-05  -1.19310000e-01]
 [  7.99196000e+00   1.00000000e-05  -1.19250000e-01]
 [  7.99196000e+00  -1.00002000e+00  -1.19250000e-01]
 [  5.99200000e+00  -1.00002000e+00  -1.19290000e-01]
 [  5.99200000e+00  -1.99999000e+00  -1.19290000e-01]
 [  7.99196000e+00  -1.99999000e+00  -1.19250000e-01]
 [  7.99196000e+00  -2.99996000e+00  -1.19250000e-01]
 [  5.99200000e+00  -2.99996000e+00  -1.19290000e-01]
 [  5.99200000e+00  -3.99996000e+00  -1.19290000e-01]
 [  7.99196000e+00  -3.99996000e+00  -1.19250000e-01]
 [  7.99196000e+00  -5.00000000e+00  -1.19250000e-01]
 [  4.99205000e+00  -5.00000000e+00  -1.19310000e-01]]

L = [[ 12.36296  -3.86896   0.     ]
 [ 12.36278   0.13118   0.     ]
 [ 14.36294   0.1311    0.     ]
 [ 14.36293  -1.86908   0.     ]
 [ 16.36295  -1.86915   0.     ]
 [ 16.36309  -3.86908   0.     ]
 [ 12.36296  -3.86896   0.     ]]