K = [[-1.5     -2.46922 -0.39109]
 [-1.5      2.46922  0.39109]
 [-0.5      2.46922  0.39109]
 [-0.5      0.49384  0.07822]
 [ 0.5      2.46922  0.39109]
 [ 1.5      2.46922  0.39109]
 [ 0.5      0.49384  0.07822]
 [ 1.5     -2.46922 -0.39109]
 [ 0.5     -2.46922 -0.39109]
 [-0.5     -0.49384 -0.07822]
 [-0.5     -2.46922 -0.39109]
 [-1.5     -2.46922 -0.39109]]

E = [[  5.00848000e+00  -5.00000000e+00   3.75100000e-02]
 [  5.00848000e+00   1.00000000e-05   3.75100000e-02]
 [  7.99196000e+00   1.00000000e-05  -2.76000000e-01]
 [  7.99196000e+00  -1.00002000e+00  -2.76000000e-01]
 [  6.00296000e+00  -1.00002000e+00  -6.69900000e-02]
 [  6.00296000e+00  -1.99999000e+00  -6.69900000e-02]
 [  7.99196000e+00  -1.99999000e+00  -2.76000000e-01]
 [  7.99196000e+00  -2.99996000e+00  -2.76000000e-01]
 [  6.00296000e+00  -2.99996000e+00  -6.69900000e-02]
 [  6.00296000e+00  -3.99996000e+00  -6.69900000e-02]
 [  7.99196000e+00  -3.99996000e+00  -2.76000000e-01]
 [  7.99196000e+00  -5.00000000e+00  -2.76000000e-01]
 [  5.00848000e+00  -5.00000000e+00   3.75100000e-02]]

L = [[ 12.62526  -4.09506   0.     ]
 [ 11.58978  -0.23126   0.     ]
 [ 13.52181   0.28635   0.     ]
 [ 14.03948  -1.64568   0.     ]
 [ 15.97137  -1.1281    0.     ]
 [ 16.48912  -3.05986   0.     ]
 [ 12.62526  -4.09506   0.     ]]