K = [[-1.5      1.13498 -2.22752]
 [-1.5     -1.13498  2.22752]
 [-0.5     -1.13498  2.22752]
 [-0.5     -0.227    0.4455 ]
 [ 0.5     -1.13498  2.22752]
 [ 1.5     -1.13498  2.22752]
 [ 0.5     -0.227    0.4455 ]
 [ 1.5      1.13498 -2.22752]
 [ 0.5      1.13498 -2.22752]
 [-0.5      0.227   -0.4455 ]
 [-0.5      1.13498 -2.22752]
 [-1.5      1.13498 -2.22752]]

E = [[  7.20011000e+00  -5.00000000e+00  -5.90700000e-02]
 [  7.20011000e+00   1.00000000e-05  -5.90700000e-02]
 [  7.82386000e+00   1.00000000e-05  -2.99348000e+00]
 [  7.82386000e+00  -1.00002000e+00  -2.99348000e+00]
 [  7.40797000e+00  -1.00002000e+00  -1.03722000e+00]
 [  7.40797000e+00  -1.99999000e+00  -1.03722000e+00]
 [  7.82386000e+00  -1.99999000e+00  -2.99348000e+00]
 [  7.82386000e+00  -2.99996000e+00  -2.99348000e+00]
 [  7.40797000e+00  -2.99996000e+00  -1.03722000e+00]
 [  7.40797000e+00  -3.99996000e+00  -1.03722000e+00]
 [  7.82386000e+00  -3.99996000e+00  -2.99348000e+00]
 [  7.82386000e+00  -5.00000000e+00  -2.99348000e+00]
 [  7.20011000e+00  -5.00000000e+00  -5.90700000e-02]]

L = [[ 15.42379   0.52505   0.     ]
 [ 16.4591   -3.33867   0.     ]
 [ 14.52721  -3.85629   0.     ]
 [ 14.00954  -1.92447   0.     ]
 [ 12.07773  -2.44207   0.     ]
 [ 11.56007  -0.51018   0.     ]
 [ 15.42379   0.52505   0.     ]]