K = [[-1.5      1.46946 -2.02254]
 [-1.5     -1.46946  2.02254]
 [-0.5     -1.46946  2.02254]
 [-0.5     -0.29389  0.40451]
 [ 0.5     -1.46946  2.02254]
 [ 1.5     -1.46946  2.02254]
 [ 0.5     -0.29389  0.40451]
 [ 1.5      1.46946 -2.02254]
 [ 0.5      1.46946 -2.02254]
 [-0.5      0.29389 -0.40451]
 [-0.5      1.46946 -2.02254]
 [-1.5      1.46946 -2.02254]]

E = [[  7.50489000e+00  -5.00000000e+00  -7.69700000e-02]
 [  7.50489000e+00   1.00000000e-05  -7.69700000e-02]
 [  7.81849000e+00   1.00000000e-05  -3.06050000e+00]
 [  7.81849000e+00  -1.00002000e+00  -3.06050000e+00]
 [  7.60936000e+00  -1.00002000e+00  -1.07148000e+00]
 [  7.60936000e+00  -1.99999000e+00  -1.07148000e+00]
 [  7.81849000e+00  -1.99999000e+00  -3.06050000e+00]
 [  7.81849000e+00  -2.99996000e+00  -3.06050000e+00]
 [  7.60936000e+00  -2.99996000e+00  -1.07148000e+00]
 [  7.60936000e+00  -3.99996000e+00  -1.07148000e+00]
 [  7.81849000e+00  -3.99996000e+00  -3.06050000e+00]
 [  7.81849000e+00  -5.00000000e+00  -3.06050000e+00]
 [  7.50489000e+00  -5.00000000e+00  -7.69700000e-02]]

L = [[ 14.47026   0.46191   0.     ]
 [ 16.4703   -3.0022    0.     ]
 [ 14.7382   -4.00219   0.     ]
 [ 13.73818  -2.27018   0.     ]
 [ 12.00617  -3.27014   0.     ]
 [ 11.00614  -1.53805   0.     ]
 [ 14.47026   0.46191   0.     ]]