K = [[-1.5      1.76777 -1.76777]
 [-1.5     -1.76777  1.76777]
 [-0.5     -1.76777  1.76777]
 [-0.5     -0.35355  0.35355]
 [ 0.5     -1.76777  1.76777]
 [ 1.5     -1.76777  1.76777]
 [ 0.5     -0.35355  0.35355]
 [ 1.5      1.76777 -1.76777]
 [ 0.5      1.76777 -1.76777]
 [-0.5      0.35355 -0.35355]
 [-0.5      1.76777 -1.76777]
 [-1.5      1.76777 -1.76777]]

E = [[  7.81500000e+00  -5.00000000e+00  -9.53300000e-02]
 [  7.81500000e+00   1.00000000e-05  -9.53300000e-02]
 [  7.81502000e+00   1.00000000e-05  -3.09531000e+00]
 [  7.81502000e+00  -1.00002000e+00  -3.09531000e+00]
 [  7.81494000e+00  -1.00002000e+00  -1.09532000e+00]
 [  7.81494000e+00  -1.99999000e+00  -1.09532000e+00]
 [  7.81502000e+00  -1.99999000e+00  -3.09531000e+00]
 [  7.81502000e+00  -2.99996000e+00  -3.09531000e+00]
 [  7.81494000e+00  -2.99996000e+00  -1.09532000e+00]
 [  7.81494000e+00  -3.99996000e+00  -1.09532000e+00]
 [  7.81502000e+00  -3.99996000e+00  -3.09531000e+00]
 [  7.81502000e+00  -5.00000000e+00  -3.09531000e+00]
 [  7.81500000e+00  -5.00000000e+00  -9.53300000e-02]]

L = [[ 13.59351   0.3298    0.     ]
 [ 16.42198  -2.49862   0.     ]
 [ 15.00771  -3.91283   0.     ]
 [ 13.59348  -2.49866   0.     ]
 [ 12.1793   -3.91283   0.     ]
 [ 10.76505  -2.49858   0.     ]
 [ 13.59351   0.3298    0.     ]]