K = [[-1.5      2.02254 -1.46946]
 [-1.5     -2.02254  1.46946]
 [-0.5     -2.02254  1.46946]
 [-0.5     -0.40451  0.29389]
 [ 0.5     -2.02254  1.46946]
 [ 1.5     -2.02254  1.46946]
 [ 0.5     -0.40451  0.29389]
 [ 1.5      2.02254 -1.46946]
 [ 0.5      2.02254 -1.46946]
 [-0.5      0.40451 -0.29389]
 [-0.5      2.02254 -1.46946]
 [-1.5      2.02254 -1.46946]]

E = [[  7.97027000e+00  -5.00000000e+00  -1.13960000e-01]
 [  7.97027000e+00   1.00000000e-05  -1.13960000e-01]
 [  7.65670000e+00   1.00000000e-05  -3.09752000e+00]
 [  7.65670000e+00  -1.00002000e+00  -3.09752000e+00]
 [  7.86569000e+00  -1.00002000e+00  -1.10848000e+00]
 [  7.86569000e+00  -1.99999000e+00  -1.10848000e+00]
 [  7.65670000e+00  -1.99999000e+00  -3.09752000e+00]
 [  7.65670000e+00  -2.99996000e+00  -3.09752000e+00]
 [  7.86569000e+00  -2.99996000e+00  -1.10848000e+00]
 [  7.86569000e+00  -3.99996000e+00  -1.10848000e+00]
 [  7.65670000e+00  -3.99996000e+00  -3.09752000e+00]
 [  7.65670000e+00  -5.00000000e+00  -3.09752000e+00]
 [  7.97027000e+00  -5.00000000e+00  -1.13960000e-01]]

L = [[ 12.87402   0.20508   0.     ]
 [ 16.33816  -1.7949    0.     ]
 [ 15.33809  -3.52697   0.     ]
 [ 13.60604  -2.52701   0.     ]
 [ 12.60606  -4.25901   0.     ]
 [ 10.87396  -3.25899   0.     ]
 [ 12.87402   0.20508   0.     ]]