K = [[-1.5      2.22752 -1.13498]
 [-1.5     -2.22752  1.13498]
 [-0.5     -2.22752  1.13498]
 [-0.5     -0.4455   0.227  ]
 [ 0.5     -2.22752  1.13498]
 [ 1.5     -2.22752  1.13498]
 [ 0.5     -0.4455   0.227  ]
 [ 1.5      2.22752 -1.13498]
 [ 0.5      2.22752 -1.13498]
 [-0.5      0.4455  -0.227  ]
 [-0.5      2.22752 -1.13498]
 [-1.5      2.22752 -1.13498]]

E = [[  7.98934000e+00  -5.00000000e+00  -1.18310000e-01]
 [  7.98934000e+00   1.00000000e-05  -1.18310000e-01]
 [  7.36561000e+00   1.00000000e-05  -3.05274000e+00]
 [  7.36561000e+00  -1.00002000e+00  -3.05274000e+00]
 [  7.78137000e+00  -1.00002000e+00  -1.09645000e+00]
 [  7.78137000e+00  -1.99999000e+00  -1.09645000e+00]
 [  7.36561000e+00  -1.99999000e+00  -3.05274000e+00]
 [  7.36561000e+00  -2.99996000e+00  -3.05274000e+00]
 [  7.78137000e+00  -2.99996000e+00  -1.09645000e+00]
 [  7.78137000e+00  -3.99996000e+00  -1.09645000e+00]
 [  7.36561000e+00  -3.99996000e+00  -3.05274000e+00]
 [  7.36561000e+00  -5.00000000e+00  -3.05274000e+00]
 [  7.98934000e+00  -5.00000000e+00  -1.18310000e-01]]

L = [[ 12.36113   0.10505   0.     ]
 [ 16.22486  -0.9302    0.     ]
 [ 15.70716  -2.86209   0.     ]
 [ 13.77532  -2.34449   0.     ]
 [ 13.25769  -4.27629   0.     ]
 [ 11.32579  -3.75864   0.     ]
 [ 12.36113   0.10505   0.     ]]