K = [[-1.5      2.37764 -0.77254]
 [-1.5     -2.37764  0.77254]
 [-0.5     -2.37764  0.77254]
 [-0.5     -0.47553  0.15451]
 [ 0.5     -2.37764  0.77254]
 [ 1.5     -2.37764  0.77254]
 [ 0.5     -0.47553  0.15451]
 [ 1.5      2.37764 -0.77254]
 [ 0.5      2.37764 -0.77254]
 [-0.5      0.47553 -0.15451]
 [-0.5      2.37764 -0.77254]
 [-1.5      2.37764 -0.77254]]

E = [[  7.99165000e+00  -5.00000000e+00  -1.19100000e-01]
 [  7.99165000e+00   1.00000000e-05  -1.19100000e-01]
 [  7.06460000e+00   1.00000000e-05  -2.97225000e+00]
 [  7.06460000e+00  -1.00002000e+00  -2.97225000e+00]
 [  7.68258000e+00  -1.00002000e+00  -1.07014000e+00]
 [  7.68258000e+00  -1.99999000e+00  -1.07014000e+00]
 [  7.06460000e+00  -1.99999000e+00  -2.97225000e+00]
 [  7.06460000e+00  -2.99996000e+00  -2.97225000e+00]
 [  7.68258000e+00  -2.99996000e+00  -1.07014000e+00]
 [  7.68258000e+00  -3.99996000e+00  -1.07014000e+00]
 [  7.06460000e+00  -3.99996000e+00  -2.97225000e+00]
 [  7.06460000e+00  -5.00000000e+00  -2.97225000e+00]
 [  7.99165000e+00  -5.00000000e+00  -1.19100000e-01]]

L = [[ 12.08956   0.03759   0.     ]
 [ 16.08957   0.0376    0.     ]
 [ 16.08953  -1.96244   0.     ]
 [ 14.08955  -1.96247   0.     ]
 [ 14.08955  -3.96243   0.     ]
 [ 12.0895   -3.96243   0.     ]
 [ 12.08956   0.03759   0.     ]]