K = [[-1.5      2.46922 -0.39109]
 [-1.5     -2.46922  0.39109]
 [-0.5     -2.46922  0.39109]
 [-0.5     -0.49384  0.07822]
 [ 0.5     -2.46922  0.39109]
 [ 1.5     -2.46922  0.39109]
 [ 0.5     -0.49384  0.07822]
 [ 1.5      2.46922 -0.39109]
 [ 0.5      2.46922 -0.39109]
 [-0.5      0.49384 -0.07822]
 [-0.5      2.46922 -0.39109]
 [-1.5      2.46922 -0.39109]]

E = [[  7.99193000e+00  -5.00000000e+00  -1.19220000e-01]
 [  7.99193000e+00   1.00000000e-05  -1.19220000e-01]
 [  6.77173000e+00   1.00000000e-05  -2.85985000e+00]
 [  6.77173000e+00  -1.00002000e+00  -2.85985000e+00]
 [  7.58514000e+00  -1.00002000e+00  -1.03276000e+00]
 [  7.58514000e+00  -1.99999000e+00  -1.03276000e+00]
 [  6.77173000e+00  -1.99999000e+00  -2.85985000e+00]
 [  6.77173000e+00  -2.99996000e+00  -2.85985000e+00]
 [  7.58514000e+00  -2.99996000e+00  -1.03276000e+00]
 [  7.58514000e+00  -3.99996000e+00  -1.03276000e+00]
 [  6.77173000e+00  -3.99996000e+00  -2.85985000e+00]
 [  6.77173000e+00  -5.00000000e+00  -2.85985000e+00]
 [  7.99193000e+00  -5.00000000e+00  -1.19220000e-01]]

L = [[ 11.81894  -0.51021   0.     ]
 [ 15.68264   0.52508   0.     ]
 [ 16.20026  -1.40682   0.     ]
 [ 14.26842  -1.92449   0.     ]
 [ 14.78605  -3.8563    0.     ]
 [ 12.85416  -4.37395   0.     ]
 [ 11.81894  -0.51021   0.     ]]