K = [[-1.5     -2.37764 -0.77254]
 [-1.5      2.37764  0.77254]
 [-0.5      2.37764  0.77254]
 [-0.5      0.47553  0.15451]
 [ 0.5      2.37764  0.77254]
 [ 1.5      2.37764  0.77254]
 [ 0.5      0.47553  0.15451]
 [ 1.5     -2.37764 -0.77254]
 [ 0.5     -2.37764 -0.77254]
 [-0.5     -0.47553 -0.15451]
 [-0.5     -2.37764 -0.77254]
 [-1.5     -2.37764 -0.77254]]

E = [[ 5.03988 -4.98047  0.05878]
 [ 5.03988  0.01953  0.05878]
 [ 7.97431  0.01953 -0.56493]
 [ 7.97431 -0.98047 -0.56493]
 [ 6.01802 -0.98047 -0.14912]
 [ 6.01802 -1.98047 -0.14912]
 [ 7.97431 -1.98047 -0.56493]
 [ 7.97431 -2.98047 -0.56493]
 [ 6.01802 -2.98047 -0.14912]
 [ 6.01802 -3.98047 -0.14912]
 [ 7.97431 -3.98047 -0.56493]
 [ 7.97431 -4.98047 -0.56493]
 [ 5.03988 -4.98047  0.05878]]

L = [[ 12.92531  -4.27894   0.     ]
 [ 10.92531  -0.81482   0.     ]
 [ 12.65737   0.18517   0.     ]
 [ 13.65737  -1.54688   0.     ]
 [ 15.38942  -0.54689   0.     ]
 [ 16.38942  -2.27893   0.     ]
 [ 12.92531  -4.27894   0.     ]]