K = [[-1.5  2.5  0. ]
 [-1.5 -2.5 -0. ]
 [-0.5 -2.5 -0. ]
 [-0.5 -0.5  0. ]
 [ 0.5 -2.5 -0. ]
 [ 1.5 -2.5 -0. ]
 [ 0.5 -0.5  0. ]
 [ 1.5  2.5  0. ]
 [ 0.5  2.5  0. ]
 [-0.5  0.5 -0. ]
 [-0.5  2.5  0. ]
 [-1.5  2.5  0. ]]

E = [[  7.99196000e+00  -5.00000000e+00  -1.19250000e-01]
 [  7.99196000e+00   1.00000000e-05  -1.19250000e-01]
 [  6.49197000e+00   1.00000000e-05  -2.71731000e+00]
 [  6.49197000e+00  -1.00002000e+00  -2.71731000e+00]
 [  7.49192000e+00  -1.00002000e+00  -9.85250000e-01]
 [  7.49192000e+00  -1.99999000e+00  -9.85250000e-01]
 [  6.49197000e+00  -1.99999000e+00  -2.71731000e+00]
 [  6.49197000e+00  -2.99996000e+00  -2.71731000e+00]
 [  7.49192000e+00  -2.99996000e+00  -9.85250000e-01]
 [  7.49192000e+00  -3.99996000e+00  -9.85250000e-01]
 [  6.49197000e+00  -3.99996000e+00  -2.71731000e+00]
 [  6.49197000e+00  -5.00000000e+00  -2.71731000e+00]
 [  7.99196000e+00  -5.00000000e+00  -1.19250000e-01]]

L = [[ 11.72495  -1.47948   0.     ]
 [ 15.18906   0.52053   0.     ]
 [ 16.18905  -1.21157   0.     ]
 [ 14.45701  -2.2116    0.     ]
 [ 15.457    -3.94361   0.     ]
 [ 13.72492  -4.94363   0.     ]
 [ 11.72495  -1.47948   0.     ]]