K = [[-1.5      2.46922  0.39109]
 [-1.5     -2.46922 -0.39109]
 [-0.5     -2.46922 -0.39109]
 [-0.5     -0.49384 -0.07822]
 [ 0.5     -2.46922 -0.39109]
 [ 1.5     -2.46922 -0.39109]
 [ 0.5     -0.49384 -0.07822]
 [ 1.5      2.46922  0.39109]
 [ 0.5      2.46922  0.39109]
 [-0.5      0.49384  0.07822]
 [-0.5      2.46922  0.39109]
 [-1.5      2.46922  0.39109]]

E = [[  7.99196000e+00  -5.00000000e+00  -1.19250000e-01]
 [  7.99196000e+00   1.00000000e-05  -1.19250000e-01]
 [  6.22862000e+00   1.00000000e-05  -2.54628000e+00]
 [  6.22862000e+00  -1.00002000e+00  -2.54628000e+00]
 [  7.40414000e+00  -1.00002000e+00  -9.28230000e-01]
 [  7.40414000e+00  -1.99999000e+00  -9.28230000e-01]
 [  6.22862000e+00  -1.99999000e+00  -2.54628000e+00]
 [  6.22862000e+00  -2.99996000e+00  -2.54628000e+00]
 [  7.40414000e+00  -2.99996000e+00  -9.28230000e-01]
 [  7.40414000e+00  -3.99996000e+00  -9.28230000e-01]
 [  6.22862000e+00  -3.99996000e+00  -2.54628000e+00]
 [  6.22862000e+00  -5.00000000e+00  -2.54628000e+00]
 [  7.99196000e+00  -5.00000000e+00  -1.19250000e-01]]

L = [[ 11.91932  -2.37124   0.     ]
 [ 14.74775   0.4572    0.     ]
 [ 16.16199  -0.95707   0.     ]
 [ 14.74778  -2.37132   0.     ]
 [ 16.16197  -3.78549   0.     ]
 [ 14.74774  -5.19974   0.     ]
 [ 11.91932  -2.37124   0.     ]]