K = [[-1.5      2.37764  0.77254]
 [-1.5     -2.37764 -0.77254]
 [-0.5     -2.37764 -0.77254]
 [-0.5     -0.47553 -0.15451]
 [ 0.5     -2.37764 -0.77254]
 [ 1.5     -2.37764 -0.77254]
 [ 0.5     -0.47553 -0.15451]
 [ 1.5      2.37764  0.77254]
 [ 0.5      2.37764  0.77254]
 [-0.5      0.47553  0.15451]
 [-0.5      2.37764  0.77254]
 [-1.5      2.37764  0.77254]]

E = [[  7.99196000e+00  -5.00000000e+00  -1.19250000e-01]
 [  7.99196000e+00   1.00000000e-05  -1.19250000e-01]
 [  5.98459000e+00   1.00000000e-05  -2.34866000e+00]
 [  5.98459000e+00  -1.00002000e+00  -2.34866000e+00]
 [  7.32280000e+00  -1.00002000e+00  -8.62350000e-01]
 [  7.32280000e+00  -1.99999000e+00  -8.62350000e-01]
 [  5.98459000e+00  -1.99999000e+00  -2.34866000e+00]
 [  5.98459000e+00  -2.99996000e+00  -2.34866000e+00]
 [  7.32280000e+00  -2.99996000e+00  -8.62350000e-01]
 [  7.32280000e+00  -3.99996000e+00  -8.62350000e-01]
 [  5.98459000e+00  -3.99996000e+00  -2.34866000e+00]
 [  5.98459000e+00  -5.00000000e+00  -2.34866000e+00]
 [  7.99196000e+00  -5.00000000e+00  -1.19250000e-01]]

L = [[ 12.02154  -3.06905   0.     ]
 [ 14.02154   0.39507   0.     ]
 [ 15.75361  -0.60499   0.     ]
 [ 14.75363  -2.33707   0.     ]
 [ 16.48566  -3.33703   0.     ]
 [ 15.48565  -5.06912   0.     ]
 [ 12.02154  -3.06905   0.     ]]