K = [[-1.5      2.22752  1.13498]
 [-1.5     -2.22752 -1.13498]
 [-0.5     -2.22752 -1.13498]
 [-0.5     -0.4455  -0.227  ]
 [ 0.5     -2.22752 -1.13498]
 [ 1.5     -2.22752 -1.13498]
 [ 0.5     -0.4455  -0.227  ]
 [ 1.5      2.22752  1.13498]
 [ 0.5      2.22752  1.13498]
 [-0.5      0.4455   0.227  ]
 [-0.5      2.22752  1.13498]
 [-1.5      2.22752  1.13498]]

E = [[  7.99196000e+00  -5.00000000e+00  -1.19250000e-01]
 [  7.99196000e+00   1.00000000e-05  -1.19250000e-01]
 [  5.76255000e+00   1.00000000e-05  -2.12663000e+00]
 [  5.76255000e+00  -1.00002000e+00  -2.12663000e+00]
 [  7.24880000e+00  -1.00002000e+00  -7.88330000e-01]
 [  7.24880000e+00  -1.99999000e+00  -7.88330000e-01]
 [  5.76255000e+00  -1.99999000e+00  -2.12663000e+00]
 [  5.76255000e+00  -2.99996000e+00  -2.12663000e+00]
 [  7.24880000e+00  -2.99996000e+00  -7.88330000e-01]
 [  7.24880000e+00  -3.99996000e+00  -7.88330000e-01]
 [  5.76255000e+00  -3.99996000e+00  -2.12663000e+00]
 [  5.76255000e+00  -5.00000000e+00  -2.12663000e+00]
 [  7.99196000e+00  -5.00000000e+00  -1.19250000e-01]]

L = [[ 12.07931  -3.60155   0.     ]
 [ 13.11459   0.26217   0.     ]
 [ 15.04647  -0.25552   0.     ]
 [ 14.52885  -2.1874    0.     ]
 [ 16.46068  -2.705     0.     ]
 [ 15.94305  -4.6369    0.     ]
 [ 12.07931  -3.60155   0.     ]]