K = [[-1.5      2.02254  1.46946]
 [-1.5     -2.02254 -1.46946]
 [-0.5     -2.02254 -1.46946]
 [-0.5     -0.40451 -0.29389]
 [ 0.5     -2.02254 -1.46946]
 [ 1.5     -2.02254 -1.46946]
 [ 0.5     -0.40451 -0.29389]
 [ 1.5      2.02254  1.46946]
 [ 0.5      2.02254  1.46946]
 [-0.5      0.40451  0.29389]
 [-0.5      2.02254  1.46946]
 [-1.5      2.02254  1.46946]]

E = [[  7.99196000e+00  -5.00000000e+00  -1.19250000e-01]
 [  7.99196000e+00   1.00000000e-05  -1.19250000e-01]
 [  5.56494000e+00   1.00000000e-05  -1.88259000e+00]
 [  5.56494000e+00  -1.00002000e+00  -1.88259000e+00]
 [  7.18294000e+00  -1.00002000e+00  -7.06980000e-01]
 [  7.18294000e+00  -1.99999000e+00  -7.06980000e-01]
 [  5.56494000e+00  -1.99999000e+00  -1.88259000e+00]
 [  5.56494000e+00  -2.99996000e+00  -1.88259000e+00]
 [  7.18294000e+00  -2.99996000e+00  -7.06980000e-01]
 [  7.18294000e+00  -3.99996000e+00  -7.06980000e-01]
 [  5.56494000e+00  -3.99996000e+00  -1.88259000e+00]
 [  5.56494000e+00  -5.00000000e+00  -1.88259000e+00]
 [  7.99196000e+00  -5.00000000e+00  -1.19250000e-01]]

L = [[ 12.36293  -3.86885   0.     ]
 [ 12.36293   0.13118   0.     ]
 [ 14.36297   0.13112   0.     ]
 [ 14.36299  -1.86889   0.     ]
 [ 16.36297  -1.86887   0.     ]
 [ 16.36298  -3.86889   0.     ]
 [ 12.36293  -3.86885   0.     ]]