K = [[-1.5      1.76777  1.76777]
 [-1.5     -1.76777 -1.76777]
 [-0.5     -1.76777 -1.76777]
 [-0.5     -0.35355 -0.35355]
 [ 0.5     -1.76777 -1.76777]
 [ 1.5     -1.76777 -1.76777]
 [ 0.5     -0.35355 -0.35355]
 [ 1.5      1.76777  1.76777]
 [ 0.5      1.76777  1.76777]
 [-0.5      0.35355  0.35355]
 [-0.5      1.76777  1.76777]
 [-1.5      1.76777  1.76777]]

E = [[  7.99196000e+00  -5.00000000e+00  -1.19250000e-01]
 [  7.99196000e+00   1.00000000e-05  -1.19250000e-01]
 [  5.39392000e+00   1.00000000e-05  -1.61923000e+00]
 [  5.39392000e+00  -1.00002000e+00  -1.61923000e+00]
 [  7.12594000e+00  -1.00002000e+00  -6.19200000e-01]
 [  7.12594000e+00  -1.99999000e+00  -6.19200000e-01]
 [  5.39392000e+00  -1.99999000e+00  -1.61923000e+00]
 [  5.39392000e+00  -2.99996000e+00  -1.61923000e+00]
 [  7.12594000e+00  -2.99996000e+00  -6.19200000e-01]
 [  7.12594000e+00  -3.99996000e+00  -6.19200000e-01]
 [  5.39392000e+00  -3.99996000e+00  -1.61923000e+00]
 [  5.39392000e+00  -5.00000000e+00  -1.61923000e+00]
 [  7.99196000e+00  -5.00000000e+00  -1.19250000e-01]]

L = [[ 12.62532  -4.09496   0.     ]
 [ 11.59004  -0.23122   0.     ]
 [ 13.52193   0.28637   0.     ]
 [ 14.03959  -1.64548   0.     ]
 [ 15.97143  -1.12783   0.     ]
 [ 16.48908  -3.05971   0.     ]
 [ 12.62532  -4.09496   0.     ]]