K = [[-1.5      1.46946  2.02254]
 [-1.5     -1.46946 -2.02254]
 [-0.5     -1.46946 -2.02254]
 [-0.5     -0.29389 -0.40451]
 [ 0.5     -1.46946 -2.02254]
 [ 1.5     -1.46946 -2.02254]
 [ 0.5     -0.29389 -0.40451]
 [ 1.5      1.46946  2.02254]
 [ 0.5      1.46946  2.02254]
 [-0.5      0.29389  0.40451]
 [-0.5      1.46946  2.02254]
 [-1.5      1.46946  2.02254]]

E = [[  7.99196000e+00  -5.00000000e+00  -1.19250000e-01]
 [  7.99196000e+00   1.00000000e-05  -1.19250000e-01]
 [  5.25137000e+00   1.00000000e-05  -1.33944000e+00]
 [  5.25137000e+00  -1.00002000e+00  -1.33944000e+00]
 [  7.07843000e+00  -1.00002000e+00  -5.25930000e-01]
 [  7.07843000e+00  -1.99999000e+00  -5.25930000e-01]
 [  5.25137000e+00  -1.99999000e+00  -1.33944000e+00]
 [  5.25137000e+00  -2.99996000e+00  -1.33944000e+00]
 [  7.07843000e+00  -2.99996000e+00  -5.25930000e-01]
 [  7.07843000e+00  -3.99996000e+00  -5.25930000e-01]
 [  5.25137000e+00  -3.99996000e+00  -1.33944000e+00]
 [  5.25137000e+00  -5.00000000e+00  -1.33944000e+00]
 [  7.99196000e+00  -5.00000000e+00  -1.19250000e-01]]

L = [[ 12.95049  -4.28006   0.     ]
 [ 10.95048  -0.81591   0.     ]
 [ 12.68258   0.18406   0.     ]
 [ 13.6826   -1.54798   0.     ]
 [ 15.41464  -0.54799   0.     ]
 [ 16.41465  -2.28005   0.     ]
 [ 12.95049  -4.28006   0.     ]]