K = [[-1.5      1.13498  2.22752]
 [-1.5     -1.13498 -2.22752]
 [-0.5     -1.13498 -2.22752]
 [-0.5     -0.227   -0.4455 ]
 [ 0.5     -1.13498 -2.22752]
 [ 1.5     -1.13498 -2.22752]
 [ 0.5     -0.227   -0.4455 ]
 [ 1.5      1.13498  2.22752]
 [ 0.5      1.13498  2.22752]
 [-0.5      0.227    0.4455 ]
 [-0.5      1.13498  2.22752]
 [-1.5      1.13498  2.22752]]

E = [[  7.99196000e+00  -5.00000000e+00  -1.19250000e-01]
 [  7.99196000e+00   1.00000000e-05  -1.19250000e-01]
 [  5.13884000e+00   1.00000000e-05  -1.04628000e+00]
 [  5.13884000e+00  -1.00002000e+00  -1.04628000e+00]
 [  7.04093000e+00  -1.00002000e+00  -4.28220000e-01]
 [  7.04093000e+00  -1.99999000e+00  -4.28220000e-01]
 [  5.13884000e+00  -1.99999000e+00  -1.04628000e+00]
 [  5.13884000e+00  -2.99996000e+00  -1.04628000e+00]
 [  7.04093000e+00  -2.99996000e+00  -4.28220000e-01]
 [  7.04093000e+00  -3.99996000e+00  -4.28220000e-01]
 [  5.13884000e+00  -3.99996000e+00  -1.04628000e+00]
 [  5.13884000e+00  -5.00000000e+00  -1.04628000e+00]
 [  7.99196000e+00  -5.00000000e+00  -1.19250000e-01]]

L = [[ 13.46634  -4.17236   0.     ]
 [ 10.63789  -1.34389   0.     ]
 [ 12.05216   0.07031   0.     ]
 [ 13.46639  -1.34389   0.     ]
 [ 14.8806    0.07031   0.     ]
 [ 16.29485  -1.34391   0.     ]
 [ 13.46634  -4.17236   0.     ]]