K = [[-1.5      0.77254  2.37764]
 [-1.5     -0.77254 -2.37764]
 [-0.5     -0.77254 -2.37764]
 [-0.5     -0.15451 -0.47553]
 [ 0.5     -0.77254 -2.37764]
 [ 1.5     -0.77254 -2.37764]
 [ 0.5     -0.15451 -0.47553]
 [ 1.5      0.77254  2.37764]
 [ 0.5      0.77254  2.37764]
 [-0.5      0.15451  0.47553]
 [-0.5      0.77254  2.37764]
 [-1.5      0.77254  2.37764]]

E = [[  7.99196000e+00  -5.00000000e+00  -1.19250000e-01]
 [  7.99196000e+00   1.00000000e-05  -1.19250000e-01]
 [  5.05757000e+00   1.00000000e-05  -7.42980000e-01]
 [  5.05757000e+00  -1.00002000e+00  -7.42980000e-01]
 [  7.01385000e+00  -1.00002000e+00  -3.27120000e-01]
 [  7.01385000e+00  -1.99999000e+00  -3.27120000e-01]
 [  5.05757000e+00  -1.99999000e+00  -7.42980000e-01]
 [  5.05757000e+00  -2.99996000e+00  -7.42980000e-01]
 [  7.01385000e+00  -2.99996000e+00  -3.27120000e-01]
 [  7.01385000e+00  -3.99996000e+00  -3.27120000e-01]
 [  5.05757000e+00  -3.99996000e+00  -7.42980000e-01]
 [  5.05757000e+00  -5.00000000e+00  -7.42980000e-01]
 [  7.99196000e+00  -5.00000000e+00  -1.19250000e-01]]

L = [[ 14.14812  -4.11148   0.     ]
 [ 10.68399  -2.11146   0.     ]
 [ 11.68404  -0.3794    0.     ]
 [ 13.41612  -1.37939   0.     ]
 [ 14.4161    0.35265   0.     ]
 [ 16.14819  -0.64734   0.     ]
 [ 14.14812  -4.11148   0.     ]]