K = [[-1.5      0.39109  2.46922]
 [-1.5     -0.39109 -2.46922]
 [-0.5     -0.39109 -2.46922]
 [-0.5     -0.07822 -0.49384]
 [ 0.5     -0.39109 -2.46922]
 [ 1.5     -0.39109 -2.46922]
 [ 0.5     -0.07822 -0.49384]
 [ 1.5      0.39109  2.46922]
 [ 0.5      0.39109  2.46922]
 [-0.5      0.07822  0.49384]
 [-0.5      0.39109  2.46922]
 [-1.5      0.39109  2.46922]]

E = [[  7.99196000e+00  -5.00000000e+00  -1.19250000e-01]
 [  7.99196000e+00   1.00000000e-05  -1.19250000e-01]
 [  5.00845000e+00   1.00000000e-05  -4.32830000e-01]
 [  5.00845000e+00  -1.00002000e+00  -4.32830000e-01]
 [  6.99748000e+00  -1.00002000e+00  -2.23750000e-01]
 [  6.99748000e+00  -1.99999000e+00  -2.23750000e-01]
 [  5.00845000e+00  -1.99999000e+00  -4.32830000e-01]
 [  5.00845000e+00  -2.99996000e+00  -4.32830000e-01]
 [  6.99748000e+00  -2.99996000e+00  -2.23750000e-01]
 [  6.99748000e+00  -3.99996000e+00  -2.23750000e-01]
 [  5.00845000e+00  -3.99996000e+00  -4.32830000e-01]
 [  5.00845000e+00  -5.00000000e+00  -4.32830000e-01]
 [  7.99196000e+00  -5.00000000e+00  -1.19250000e-01]]

L = [[ 15.03242  -4.04053   0.     ]
 [ 11.16868  -3.00523   0.     ]
 [ 11.68635  -1.07336   0.     ]
 [ 13.61823  -1.59097   0.     ]
 [ 14.13587   0.34086   0.     ]
 [ 16.06774  -0.17676   0.     ]
 [ 15.03242  -4.04053   0.     ]]