K = [[-1.5     -2.22752 -1.13498]
 [-1.5      2.22752  1.13498]
 [-0.5      2.22752  1.13498]
 [-0.5      0.4455   0.227  ]
 [ 0.5      2.22752  1.13498]
 [ 1.5      2.22752  1.13498]
 [ 0.5      0.4455   0.227  ]
 [ 1.5     -2.22752 -1.13498]
 [ 0.5     -2.22752 -1.13498]
 [-0.5     -0.4455  -0.227  ]
 [-0.5     -2.22752 -1.13498]
 [-1.5     -2.22752 -1.13498]]

E = [[  5.10634000e+00  -4.99756000e+00   5.64800000e-02]
 [  5.10634000e+00   2.44000000e-03   5.64800000e-02]
 [  7.95950000e+00   2.44000000e-03  -8.70540000e-01]
 [  7.95950000e+00  -9.97550000e-01  -8.70540000e-01]
 [  6.05738000e+00  -9.97550000e-01  -2.52530000e-01]
 [  6.05738000e+00  -1.99755000e+00  -2.52530000e-01]
 [  7.95950000e+00  -1.99755000e+00  -8.70540000e-01]
 [  7.95950000e+00  -2.99755000e+00  -8.70540000e-01]
 [  6.05738000e+00  -2.99755000e+00  -2.52530000e-01]
 [  6.05738000e+00  -3.99755000e+00  -2.52530000e-01]
 [  7.95950000e+00  -3.99755000e+00  -8.70540000e-01]
 [  7.95950000e+00  -4.99756000e+00  -8.70540000e-01]
 [  5.10634000e+00  -4.99756000e+00   5.64800000e-02]]

L = [[ 13.46332  -4.17303   0.     ]
 [ 10.63489  -1.34459   0.     ]
 [ 12.04911   0.06963   0.     ]
 [ 13.46332  -1.34458   0.     ]
 [ 14.87754   0.06961   0.     ]
 [ 16.29176  -1.34459   0.     ]
 [ 13.46332  -4.17303   0.     ]]