K = [[-1.5  0.   2.5]
 [-1.5 -0.  -2.5]
 [-0.5 -0.  -2.5]
 [-0.5 -0.  -0.5]
 [ 0.5 -0.  -2.5]
 [ 1.5 -0.  -2.5]
 [ 0.5 -0.  -0.5]
 [ 1.5  0.   2.5]
 [ 0.5  0.   2.5]
 [-0.5  0.   0.5]
 [-0.5  0.   2.5]
 [-1.5  0.   2.5]]

E = [[  7.99196000e+00  -5.00000000e+00  -1.19250000e-01]
 [  7.99196000e+00   1.00000000e-05  -1.19250000e-01]
 [  4.99202000e+00   1.00000000e-05  -1.19260000e-01]
 [  4.99202000e+00  -1.00002000e+00  -1.19260000e-01]
 [  6.99201000e+00  -1.00002000e+00  -1.19240000e-01]
 [  6.99201000e+00  -1.99999000e+00  -1.19240000e-01]
 [  4.99202000e+00  -1.99999000e+00  -1.19260000e-01]
 [  4.99202000e+00  -2.99996000e+00  -1.19260000e-01]
 [  6.99201000e+00  -2.99996000e+00  -1.19240000e-01]
 [  6.99201000e+00  -3.99996000e+00  -1.19240000e-01]
 [  4.99202000e+00  -3.99996000e+00  -1.19260000e-01]
 [  4.99202000e+00  -5.00000000e+00  -1.19260000e-01]
 [  7.99196000e+00  -5.00000000e+00  -1.19250000e-01]]

L = [[ 15.99595  -3.68908   0.     ]
 [ 11.99591  -3.68907   0.     ]
 [ 11.99595  -1.68904   0.     ]
 [ 13.99597  -1.68901   0.     ]
 [ 13.99598   0.31097   0.     ]
 [ 15.99599   0.311     0.     ]
 [ 15.99595  -3.68908   0.     ]]