K = [[-1.5     -0.39109  2.46922]
 [-1.5      0.39109 -2.46922]
 [-0.5      0.39109 -2.46922]
 [-0.5      0.07822 -0.49384]
 [ 0.5      0.39109 -2.46922]
 [ 1.5      0.39109 -2.46922]
 [ 0.5      0.07822 -0.49384]
 [ 1.5     -0.39109  2.46922]
 [ 0.5     -0.39109  2.46922]
 [-0.5     -0.07822  0.49384]
 [-0.5     -0.39109  2.46922]
 [-1.5     -0.39109  2.46922]]

E = [[  7.99196000e+00  -5.00000000e+00  -2.76040000e-01]
 [  7.99196000e+00   1.00000000e-05  -2.76040000e-01]
 [  5.00846000e+00   1.00000000e-05   3.75300000e-02]
 [  5.00846000e+00  -1.00002000e+00   3.75300000e-02]
 [  6.99749000e+00  -1.00002000e+00  -1.71500000e-01]
 [  6.99749000e+00  -1.99999000e+00  -1.71500000e-01]
 [  5.00846000e+00  -1.99999000e+00   3.75300000e-02]
 [  5.00846000e+00  -2.99996000e+00   3.75300000e-02]
 [  6.99749000e+00  -2.99996000e+00  -1.71500000e-01]
 [  6.99749000e+00  -3.99996000e+00  -1.71500000e-01]
 [  5.00846000e+00  -3.99996000e+00   3.75300000e-02]
 [  5.00846000e+00  -5.00000000e+00   3.75300000e-02]
 [  7.99196000e+00  -5.00000000e+00  -2.76040000e-01]]

L = [[ 16.43894  -3.30873   0.     ]
 [ 12.57518  -4.34401   0.     ]
 [ 12.05758  -2.41212   0.     ]
 [ 13.98944  -1.89445   0.     ]
 [ 13.47181   0.03739   0.     ]
 [ 15.40368   0.55506   0.     ]
 [ 16.43894  -3.30873   0.     ]]