K = [[-1.5     -0.77254  2.37764]
 [-1.5      0.77254 -2.37764]
 [-0.5      0.77254 -2.37764]
 [-0.5      0.15451 -0.47553]
 [ 0.5      0.77254 -2.37764]
 [ 1.5      0.77254 -2.37764]
 [ 0.5      0.15451 -0.47553]
 [ 1.5     -0.77254  2.37764]
 [ 0.5     -0.77254  2.37764]
 [-0.5     -0.15451  0.47553]
 [-0.5     -0.77254  2.37764]
 [-1.5     -0.77254  2.37764]]

E = [[  7.97762000e+00  -5.00000000e+00  -5.67530000e-01]
 [  7.97762000e+00   1.00000000e-05  -5.67530000e-01]
 [  5.04324000e+00   1.00000000e-05   5.61700000e-02]
 [  5.04324000e+00  -1.00002000e+00   5.61700000e-02]
 [  6.99953000e+00  -1.00002000e+00  -3.59620000e-01]
 [  6.99953000e+00  -1.99999000e+00  -3.59620000e-01]
 [  5.04324000e+00  -1.99999000e+00   5.61700000e-02]
 [  5.04324000e+00  -2.99996000e+00   5.61700000e-02]
 [  6.99953000e+00  -2.99996000e+00  -3.59620000e-01]
 [  6.99953000e+00  -3.99996000e+00  -3.59620000e-01]
 [  5.04324000e+00  -3.99996000e+00   5.61700000e-02]
 [  5.04324000e+00  -5.00000000e+00   5.61700000e-02]
 [  7.97762000e+00  -5.00000000e+00  -5.67530000e-01]]

L = [[ 16.4669   -2.9993    0.     ]
 [ 13.00276  -4.99932   0.     ]
 [ 12.00278  -3.26722   0.     ]
 [ 13.73483  -2.26718   0.     ]
 [ 12.73484  -0.53514   0.     ]
 [ 14.46691   0.46488   0.     ]
 [ 16.4669   -2.9993    0.     ]]