K = [[-1.5     -1.13498  2.22752]
 [-1.5      1.13498 -2.22752]
 [-0.5      1.13498 -2.22752]
 [-0.5      0.227   -0.4455 ]
 [ 0.5      1.13498 -2.22752]
 [ 1.5      1.13498 -2.22752]
 [ 0.5      0.227   -0.4455 ]
 [ 1.5     -1.13498  2.22752]
 [ 0.5     -1.13498  2.22752]
 [-0.5     -0.227    0.4455 ]
 [-0.5     -1.13498  2.22752]
 [-1.5     -1.13498  2.22752]]

E = [[  7.95987000e+00  -5.00000000e+00  -8.70900000e-01]
 [  7.95987000e+00   1.00000000e-05  -8.70900000e-01]
 [  5.10676000e+00   1.00000000e-05   5.61100000e-02]
 [  5.10676000e+00  -1.00002000e+00   5.61100000e-02]
 [  7.00889000e+00  -1.00002000e+00  -5.61880000e-01]
 [  7.00889000e+00  -1.99999000e+00  -5.61880000e-01]
 [  5.10676000e+00  -1.99999000e+00   5.61100000e-02]
 [  5.10676000e+00  -2.99996000e+00   5.61100000e-02]
 [  7.00889000e+00  -2.99996000e+00  -5.61880000e-01]
 [  7.00889000e+00  -3.99996000e+00  -5.61880000e-01]
 [  5.10676000e+00  -3.99996000e+00   5.61100000e-02]
 [  5.10676000e+00  -5.00000000e+00   5.61100000e-02]
 [  7.95987000e+00  -5.00000000e+00  -8.70900000e-01]]

L = [[ 16.42148  -2.49845   0.     ]
 [ 13.59303  -5.32691   0.     ]
 [ 12.17882  -3.91264   0.     ]
 [ 13.59303  -2.49839   0.     ]
 [ 12.17883  -1.08418   0.     ]
 [ 13.59305   0.33006   0.     ]
 [ 16.42148  -2.49845   0.     ]]