K = [[-1.5     -1.46946  2.02254]
 [-1.5      1.46946 -2.02254]
 [-0.5      1.46946 -2.02254]
 [-0.5      0.29389 -0.40451]
 [ 0.5      1.46946 -2.02254]
 [ 1.5      1.46946 -2.02254]
 [ 0.5      0.29389 -0.40451]
 [ 1.5     -1.46946  2.02254]
 [ 0.5     -1.46946  2.02254]
 [-0.5     -0.29389  0.40451]
 [-0.5     -1.46946  2.02254]
 [-1.5     -1.46946  2.02254]]

E = [[  7.94181000e+00  -5.00000000e+00  -1.16808000e+00]
 [  7.94181000e+00   1.00000000e-05  -1.16808000e+00]
 [  5.20125000e+00   1.00000000e-05   5.20900000e-02]
 [  5.20125000e+00  -1.00002000e+00   5.20900000e-02]
 [  7.02836000e+00  -1.00002000e+00  -7.61350000e-01]
 [  7.02836000e+00  -1.99999000e+00  -7.61350000e-01]
 [  5.20125000e+00  -1.99999000e+00   5.20900000e-02]
 [  5.20125000e+00  -2.99996000e+00   5.20900000e-02]
 [  7.02836000e+00  -2.99996000e+00  -7.61350000e-01]
 [  7.02836000e+00  -3.99996000e+00  -7.61350000e-01]
 [  5.20125000e+00  -3.99996000e+00   5.20900000e-02]
 [  5.20125000e+00  -5.00000000e+00   5.20900000e-02]
 [  7.94181000e+00  -5.00000000e+00  -1.16808000e+00]]

L = [[ 16.3381   -1.79498   0.     ]
 [ 14.33809  -5.25912   0.     ]
 [ 12.60603  -4.25907   0.     ]
 [ 13.60601  -2.52698   0.     ]
 [ 11.87398  -1.52699   0.     ]
 [ 12.87397   0.2051    0.     ]
 [ 16.3381   -1.79498   0.     ]]