K = [[-1.5     -1.76777  1.76777]
 [-1.5      1.76777 -1.76777]
 [-0.5      1.76777 -1.76777]
 [-0.5      0.35355 -0.35355]
 [ 0.5      1.76777 -1.76777]
 [ 1.5      1.76777 -1.76777]
 [ 0.5      0.35355 -0.35355]
 [ 1.5     -1.76777  1.76777]
 [ 0.5     -1.76777  1.76777]
 [-0.5     -0.35355  0.35355]
 [-0.5     -1.76777  1.76777]
 [-1.5     -1.76777  1.76777]]

E = [[  7.92420000e+00  -5.00000000e+00  -1.45401000e+00]
 [  7.92420000e+00   1.00000000e-05  -1.45401000e+00]
 [  5.32619000e+00   1.00000000e-05   4.59400000e-02]
 [  5.32619000e+00  -1.00002000e+00   4.59400000e-02]
 [  7.05827000e+00  -1.00002000e+00  -9.54020000e-01]
 [  7.05827000e+00  -1.99999000e+00  -9.54020000e-01]
 [  5.32619000e+00  -1.99999000e+00   4.59400000e-02]
 [  5.32619000e+00  -2.99996000e+00   4.59400000e-02]
 [  7.05827000e+00  -2.99996000e+00  -9.54020000e-01]
 [  7.05827000e+00  -3.99996000e+00  -9.54020000e-01]
 [  5.32619000e+00  -3.99996000e+00   4.59400000e-02]
 [  5.32619000e+00  -5.00000000e+00   4.59400000e-02]
 [  7.92420000e+00  -5.00000000e+00  -1.45401000e+00]]

L = [[ 16.22487  -0.93029   0.     ]
 [ 15.18959  -4.79405   0.     ]
 [ 13.25771  -4.27637   0.     ]
 [ 13.77532  -2.34447   0.     ]
 [ 11.84349  -1.82684   0.     ]
 [ 12.36112   0.10505   0.     ]
 [ 16.22487  -0.93029   0.     ]]