K = [[-1.5     -2.02254  1.46946]
 [-1.5      2.02254 -1.46946]
 [-0.5      2.02254 -1.46946]
 [-0.5      0.40451 -0.29389]
 [ 0.5      2.02254 -1.46946]
 [ 1.5      2.02254 -1.46946]
 [ 0.5      0.40451 -0.29389]
 [ 1.5     -2.02254  1.46946]
 [ 0.5     -2.02254  1.46946]
 [-0.5     -0.40451  0.29389]
 [-0.5     -2.02254  1.46946]
 [-1.5     -2.02254  1.46946]]

E = [[  7.90731000e+00  -5.00000000e+00  -1.72534000e+00]
 [  7.90731000e+00   1.00000000e-05  -1.72534000e+00]
 [  5.48032000e+00   1.00000000e-05   3.79600000e-02]
 [  5.48032000e+00  -1.00002000e+00   3.79600000e-02]
 [  7.09838000e+00  -1.00002000e+00  -1.13758000e+00]
 [  7.09838000e+00  -1.99999000e+00  -1.13758000e+00]
 [  5.48032000e+00  -1.99999000e+00   3.79600000e-02]
 [  5.48032000e+00  -2.99996000e+00   3.79600000e-02]
 [  7.09838000e+00  -2.99996000e+00  -1.13758000e+00]
 [  7.09838000e+00  -3.99996000e+00  -1.13758000e+00]
 [  5.48032000e+00  -3.99996000e+00   3.79600000e-02]
 [  5.48032000e+00  -5.00000000e+00   3.79600000e-02]
 [  7.90731000e+00  -5.00000000e+00  -1.72534000e+00]]

L = [[ 16.08956   0.03754   0.     ]
 [ 16.0896   -3.96253   0.     ]
 [ 14.08955  -3.9625    0.     ]
 [ 14.08952  -1.96244   0.     ]
 [ 12.08953  -1.96244   0.     ]
 [ 12.08951   0.03759   0.     ]
 [ 16.08956   0.03754   0.     ]]