K = [[-1.5     -2.22752  1.13498]
 [-1.5      2.22752 -1.13498]
 [-0.5      2.22752 -1.13498]
 [-0.5      0.4455  -0.227  ]
 [ 0.5      2.22752 -1.13498]
 [ 1.5      2.22752 -1.13498]
 [ 0.5      0.4455  -0.227  ]
 [ 1.5     -2.22752  1.13498]
 [ 0.5     -2.22752  1.13498]
 [-0.5     -0.4455   0.227  ]
 [-0.5     -2.22752  1.13498]
 [-1.5     -2.22752  1.13498]]

E = [[  7.89134000e+00  -5.00000000e+00  -1.97908000e+00]
 [  7.89134000e+00   1.00000000e-05  -1.97908000e+00]
 [  5.66195000e+00   1.00000000e-05   2.82500000e-02]
 [  5.66195000e+00  -1.00002000e+00   2.82500000e-02]
 [  7.14827000e+00  -1.00002000e+00  -1.30999000e+00]
 [  7.14827000e+00  -1.99999000e+00  -1.30999000e+00]
 [  5.66195000e+00  -1.99999000e+00   2.82500000e-02]
 [  5.66195000e+00  -2.99996000e+00   2.82500000e-02]
 [  7.14827000e+00  -2.99996000e+00  -1.30999000e+00]
 [  7.14827000e+00  -3.99996000e+00  -1.30999000e+00]
 [  5.66195000e+00  -3.99996000e+00   2.82500000e-02]
 [  5.66195000e+00  -5.00000000e+00   2.82500000e-02]
 [  7.89134000e+00  -5.00000000e+00  -1.97908000e+00]]

L = [[ 15.42378   0.52504   0.     ]
 [ 16.45911  -3.33871   0.     ]
 [ 14.5272   -3.85633   0.     ]
 [ 14.00952  -1.92443   0.     ]
 [ 12.07767  -2.44206   0.     ]
 [ 11.56001  -0.51019   0.     ]
 [ 15.42378   0.52504   0.     ]]