K = [[-1.5     -2.37764  0.77254]
 [-1.5      2.37764 -0.77254]
 [-0.5      2.37764 -0.77254]
 [-0.5      0.47553 -0.15451]
 [ 0.5      2.37764 -0.77254]
 [ 1.5      2.37764 -0.77254]
 [ 0.5      0.47553 -0.15451]
 [ 1.5     -2.37764  0.77254]
 [ 0.5     -2.37764  0.77254]
 [-0.5     -0.47553  0.15451]
 [-0.5     -2.37764  0.77254]
 [-1.5     -2.37764  0.77254]]

E = [[  7.87647000e+00  -5.00000000e+00  -2.21245000e+00]
 [  7.87647000e+00   1.00000000e-05  -2.21245000e+00]
 [  5.86913000e+00   1.00000000e-05   1.69200000e-02]
 [  5.86913000e+00  -1.00002000e+00   1.69200000e-02]
 [  7.20741000e+00  -1.00002000e+00  -1.46935000e+00]
 [  7.20741000e+00  -1.99999000e+00  -1.46935000e+00]
 [  5.86913000e+00  -1.99999000e+00   1.69200000e-02]
 [  5.86913000e+00  -2.99996000e+00   1.69200000e-02]
 [  7.20741000e+00  -2.99996000e+00  -1.46935000e+00]
 [  7.20741000e+00  -3.99996000e+00  -1.46935000e+00]
 [  5.86913000e+00  -3.99996000e+00   1.69200000e-02]
 [  5.86913000e+00  -5.00000000e+00   1.69200000e-02]
 [  7.87647000e+00  -5.00000000e+00  -2.21245000e+00]]

L = [[ 14.47026   0.46191   0.     ]
 [ 16.4703   -3.00223   0.     ]
 [ 14.73821  -4.00223   0.     ]
 [ 13.73815  -2.27014   0.     ]
 [ 12.00609  -3.27013   0.     ]
 [ 11.00608  -1.53807   0.     ]
 [ 14.47026   0.46191   0.     ]]