K = [[-1.5     -2.46922  0.39109]
 [-1.5      2.46922 -0.39109]
 [-0.5      2.46922 -0.39109]
 [-0.5      0.49384 -0.07822]
 [ 0.5      2.46922 -0.39109]
 [ 1.5      2.46922 -0.39109]
 [ 0.5      0.49384 -0.07822]
 [ 1.5     -2.46922  0.39109]
 [ 0.5     -2.46922  0.39109]
 [-0.5     -0.49384  0.07822]
 [-0.5     -2.46922  0.39109]
 [-1.5     -2.46922  0.39109]]

E = [[  7.86287000e+00  -5.00000000e+00  -2.42288000e+00]
 [  7.86287000e+00   1.00000000e-05  -2.42288000e+00]
 [  6.09956000e+00   1.00000000e-05   4.10000000e-03]
 [  6.09956000e+00  -1.00002000e+00   4.10000000e-03]
 [  7.27515000e+00  -1.00002000e+00  -1.61392000e+00]
 [  7.27515000e+00  -1.99999000e+00  -1.61392000e+00]
 [  6.09956000e+00  -1.99999000e+00   4.10000000e-03]
 [  6.09956000e+00  -2.99996000e+00   4.10000000e-03]
 [  7.27515000e+00  -2.99996000e+00  -1.61392000e+00]
 [  7.27515000e+00  -3.99996000e+00  -1.61392000e+00]
 [  6.09956000e+00  -3.99996000e+00   4.10000000e-03]
 [  6.09956000e+00  -5.00000000e+00   4.10000000e-03]
 [  7.86287000e+00  -5.00000000e+00  -2.42288000e+00]]

L = [[ 13.59351   0.3298    0.     ]
 [ 16.42199  -2.49864   0.     ]
 [ 15.00772  -3.91286   0.     ]
 [ 13.59345  -2.49864   0.     ]
 [ 12.17922  -3.91283   0.     ]
 [ 10.765    -2.49863   0.     ]
 [ 13.59351   0.3298    0.     ]]