K = [[-1.5     -2.02254 -1.46946]
 [-1.5      2.02254  1.46946]
 [-0.5      2.02254  1.46946]
 [-0.5      0.40451  0.29389]
 [ 0.5      2.02254  1.46946]
 [ 1.5      2.02254  1.46946]
 [ 0.5      0.40451  0.29389]
 [ 1.5     -2.02254 -1.46946]
 [ 0.5     -2.02254 -1.46946]
 [-0.5     -0.40451 -0.29389]
 [-0.5     -2.02254 -1.46946]
 [-1.5     -2.02254 -1.46946]]

E = [[  5.20114000e+00  -4.99970000e+00   5.21400000e-02]
 [  5.20114000e+00   3.00000000e-04   5.21400000e-02]
 [  7.94178000e+00   3.00000000e-04  -1.16804000e+00]
 [  7.94178000e+00  -9.99690000e-01  -1.16804000e+00]
 [  6.11468000e+00  -9.99690000e-01  -3.54590000e-01]
 [  6.11468000e+00  -1.99968000e+00  -3.54590000e-01]
 [  7.94178000e+00  -1.99968000e+00  -1.16804000e+00]
 [  7.94178000e+00  -2.99968000e+00  -1.16804000e+00]
 [  6.11468000e+00  -2.99968000e+00  -3.54590000e-01]
 [  6.11468000e+00  -3.99968000e+00  -3.54590000e-01]
 [  7.94178000e+00  -3.99968000e+00  -1.16804000e+00]
 [  7.94178000e+00  -4.99970000e+00  -1.16804000e+00]
 [  5.20114000e+00  -4.99970000e+00   5.21400000e-02]]

L = [[ 14.14783  -4.11164   0.     ]
 [ 10.68372  -2.11162   0.     ]
 [ 11.68373  -0.37957   0.     ]
 [ 13.41577  -1.37957   0.     ]
 [ 14.41579   0.35246   0.     ]
 [ 16.14784  -0.64751   0.     ]
 [ 14.14783  -4.11164   0.     ]]