K = [[-1.5 -2.5  0. ]
 [-1.5  2.5 -0. ]
 [-0.5  2.5 -0. ]
 [-0.5  0.5 -0. ]
 [ 0.5  2.5 -0. ]
 [ 1.5  2.5 -0. ]
 [ 0.5  0.5 -0. ]
 [ 1.5 -2.5  0. ]
 [ 0.5 -2.5  0. ]
 [-0.5 -0.5  0. ]
 [-0.5 -2.5  0. ]
 [-1.5 -2.5  0. ]]

E = [[  7.85069000e+00  -5.00000000e+00  -2.60807000e+00]
 [  7.85069000e+00   1.00000000e-05  -2.60807000e+00]
 [  6.35072000e+00   1.00000000e-05  -1.00700000e-02]
 [  6.35072000e+00  -1.00002000e+00  -1.00700000e-02]
 [  7.35073000e+00  -1.00002000e+00  -1.74210000e+00]
 [  7.35073000e+00  -1.99999000e+00  -1.74210000e+00]
 [  6.35072000e+00  -1.99999000e+00  -1.00700000e-02]
 [  6.35072000e+00  -2.99996000e+00  -1.00700000e-02]
 [  7.35073000e+00  -2.99996000e+00  -1.74210000e+00]
 [  7.35073000e+00  -3.99996000e+00  -1.74210000e+00]
 [  6.35072000e+00  -3.99996000e+00  -1.00700000e-02]
 [  6.35072000e+00  -5.00000000e+00  -1.00700000e-02]
 [  7.85069000e+00  -5.00000000e+00  -2.60807000e+00]]

L = [[ 12.874     0.20508   0.     ]
 [ 16.33816  -1.79492   0.     ]
 [ 15.33811  -3.52699   0.     ]
 [ 13.606    -2.527     0.     ]
 [ 12.60598  -4.25903   0.     ]
 [ 10.87393  -3.25905   0.     ]
 [ 12.874     0.20508   0.     ]]