K = [[-1.5     -2.46922 -0.39109]
 [-1.5      2.46922  0.39109]
 [-0.5      2.46922  0.39109]
 [-0.5      0.49384  0.07822]
 [ 0.5      2.46922  0.39109]
 [ 1.5      2.46922  0.39109]
 [ 0.5      0.49384  0.07822]
 [ 1.5     -2.46922 -0.39109]
 [ 0.5     -2.46922 -0.39109]
 [-0.5     -0.49384 -0.07822]
 [-0.5     -2.46922 -0.39109]
 [-1.5     -2.46922 -0.39109]]

E = [[  7.84004000e+00  -5.00000000e+00  -2.76599000e+00]
 [  7.84004000e+00   1.00000000e-05  -2.76599000e+00]
 [  6.61986000e+00   1.00000000e-05  -2.54400000e-02]
 [  6.61986000e+00  -1.00002000e+00  -2.54400000e-02]
 [  7.43335000e+00  -1.00002000e+00  -1.85251000e+00]
 [  7.43335000e+00  -1.99999000e+00  -1.85251000e+00]
 [  6.61986000e+00  -1.99999000e+00  -2.54400000e-02]
 [  6.61986000e+00  -2.99996000e+00  -2.54400000e-02]
 [  7.43335000e+00  -2.99996000e+00  -1.85251000e+00]
 [  7.43335000e+00  -3.99996000e+00  -1.85251000e+00]
 [  6.61986000e+00  -3.99996000e+00  -2.54400000e-02]
 [  6.61986000e+00  -5.00000000e+00  -2.54400000e-02]
 [  7.84004000e+00  -5.00000000e+00  -2.76599000e+00]]

L = [[ 12.36111   0.10504   0.     ]
 [ 16.22487  -0.93022   0.     ]
 [ 15.70718  -2.8621    0.     ]
 [ 13.77528  -2.34449   0.     ]
 [ 13.25762  -4.27632   0.     ]
 [ 11.32577  -3.7587    0.     ]
 [ 12.36111   0.10504   0.     ]]