K = [[-1.5     -2.37764 -0.77254]
 [-1.5      2.37764  0.77254]
 [-0.5      2.37764  0.77254]
 [-0.5      0.47553  0.15451]
 [ 0.5      2.37764  0.77254]
 [ 1.5      2.37764  0.77254]
 [ 0.5      0.47553  0.15451]
 [ 1.5     -2.37764 -0.77254]
 [ 0.5     -2.37764 -0.77254]
 [-0.5     -0.47553 -0.15451]
 [-0.5     -2.37764 -0.77254]
 [-1.5     -2.37764 -0.77254]]

E = [[  7.83107000e+00  -5.00000000e+00  -2.89491000e+00]
 [  7.83107000e+00   1.00000000e-05  -2.89491000e+00]
 [  6.90404000e+00   1.00000000e-05  -4.18300000e-02]
 [  6.90404000e+00  -1.00002000e+00  -4.18300000e-02]
 [  7.52209000e+00  -1.00002000e+00  -1.94392000e+00]
 [  7.52209000e+00  -1.99999000e+00  -1.94392000e+00]
 [  6.90404000e+00  -1.99999000e+00  -4.18300000e-02]
 [  6.90404000e+00  -2.99996000e+00  -4.18300000e-02]
 [  7.52209000e+00  -2.99996000e+00  -1.94392000e+00]
 [  7.52209000e+00  -3.99996000e+00  -1.94392000e+00]
 [  6.90404000e+00  -3.99996000e+00  -4.18300000e-02]
 [  6.90404000e+00  -5.00000000e+00  -4.18300000e-02]
 [  7.83107000e+00  -5.00000000e+00  -2.89491000e+00]]

L = [[ 12.08954   0.03758   0.     ]
 [ 16.08957   0.0376    0.     ]
 [ 16.08953  -1.96244   0.     ]
 [ 14.0895   -1.96248   0.     ]
 [ 14.08946  -3.96246   0.     ]
 [ 12.08949  -3.96247   0.     ]
 [ 12.08954   0.03758   0.     ]]