K = [[-1.5     -2.22752 -1.13498]
 [-1.5      2.22752  1.13498]
 [-0.5      2.22752  1.13498]
 [-0.5      0.4455   0.227  ]
 [ 0.5      2.22752  1.13498]
 [ 1.5      2.22752  1.13498]
 [ 0.5      0.4455   0.227  ]
 [ 1.5     -2.22752 -1.13498]
 [ 0.5     -2.22752 -1.13498]
 [-0.5     -0.4455  -0.227  ]
 [-0.5     -2.22752 -1.13498]
 [-1.5     -2.22752 -1.13498]]

E = [[  7.82386000e+00  -5.00000000e+00  -2.99342000e+00]
 [  7.82386000e+00   1.00000000e-05  -2.99342000e+00]
 [  7.20013000e+00   1.00000000e-05  -5.90700000e-02]
 [  7.20013000e+00  -1.00002000e+00  -5.90700000e-02]
 [  7.61598000e+00  -1.00002000e+00  -2.01536000e+00]
 [  7.61598000e+00  -1.99999000e+00  -2.01536000e+00]
 [  7.20013000e+00  -1.99999000e+00  -5.90700000e-02]
 [  7.20013000e+00  -2.99996000e+00  -5.90700000e-02]
 [  7.61598000e+00  -2.99996000e+00  -2.01536000e+00]
 [  7.61598000e+00  -3.99996000e+00  -2.01536000e+00]
 [  7.20013000e+00  -3.99996000e+00  -5.90700000e-02]
 [  7.20013000e+00  -5.00000000e+00  -5.90700000e-02]
 [  7.82386000e+00  -5.00000000e+00  -2.99342000e+00]]

L = [[ 11.81892  -0.51023   0.     ]
 [ 15.68264   0.52508   0.     ]
 [ 16.20026  -1.40682   0.     ]
 [ 14.26839  -1.92451   0.     ]
 [ 14.78598  -3.85635   0.     ]
 [ 12.85416  -4.37399   0.     ]
 [ 11.81892  -0.51023   0.     ]]