K = [[-1.5     -2.02254 -1.46946]
 [-1.5      2.02254  1.46946]
 [-0.5      2.02254  1.46946]
 [-0.5      0.40451  0.29389]
 [ 0.5      2.02254  1.46946]
 [ 1.5      2.02254  1.46946]
 [ 0.5      0.40451  0.29389]
 [ 1.5     -2.02254 -1.46946]
 [ 0.5     -2.02254 -1.46946]
 [-0.5     -0.40451 -0.29389]
 [-0.5     -2.02254 -1.46946]
 [-1.5     -2.02254 -1.46946]]

E = [[  7.81849000e+00  -5.00000000e+00  -3.06044000e+00]
 [  7.81849000e+00   1.00000000e-05  -3.06044000e+00]
 [  7.50490000e+00   1.00000000e-05  -7.69700000e-02]
 [  7.50490000e+00  -1.00002000e+00  -7.69700000e-02]
 [  7.71399000e+00  -1.00002000e+00  -2.06601000e+00]
 [  7.71399000e+00  -1.99999000e+00  -2.06601000e+00]
 [  7.50490000e+00  -1.99999000e+00  -7.69700000e-02]
 [  7.50490000e+00  -2.99996000e+00  -7.69700000e-02]
 [  7.71399000e+00  -2.99996000e+00  -2.06601000e+00]
 [  7.71399000e+00  -3.99996000e+00  -2.06601000e+00]
 [  7.50490000e+00  -3.99996000e+00  -7.69700000e-02]
 [  7.50490000e+00  -5.00000000e+00  -7.69700000e-02]
 [  7.81849000e+00  -5.00000000e+00  -3.06044000e+00]]

L = [[ 11.72494  -1.47951   0.     ]
 [ 15.18906   0.52053   0.     ]
 [ 16.18905  -1.21157   0.     ]
 [ 14.457    -2.21163   0.     ]
 [ 15.45695  -3.94368   0.     ]
 [ 13.72493  -4.94367   0.     ]
 [ 11.72494  -1.47951   0.     ]]