K = [[-1.5     -1.76777 -1.76777]
 [-1.5      1.76777  1.76777]
 [-0.5      1.76777  1.76777]
 [-0.5      0.35355  0.35355]
 [ 0.5      1.76777  1.76777]
 [ 1.5      1.76777  1.76777]
 [ 0.5      0.35355  0.35355]
 [ 1.5     -1.76777 -1.76777]
 [ 0.5     -1.76777 -1.76777]
 [-0.5     -0.35355 -0.35355]
 [-0.5     -1.76777 -1.76777]
 [-1.5     -1.76777 -1.76777]]

E = [[  7.81501000e+00  -5.00000000e+00  -3.09524000e+00]
 [  7.81501000e+00   1.00000000e-05  -3.09524000e+00]
 [  7.81500000e+00   1.00000000e-05  -9.53300000e-02]
 [  7.81500000e+00  -1.00002000e+00  -9.53300000e-02]
 [  7.81504000e+00  -1.00002000e+00  -2.09533000e+00]
 [  7.81504000e+00  -1.99999000e+00  -2.09533000e+00]
 [  7.81500000e+00  -1.99999000e+00  -9.53300000e-02]
 [  7.81500000e+00  -2.99996000e+00  -9.53300000e-02]
 [  7.81504000e+00  -2.99996000e+00  -2.09533000e+00]
 [  7.81504000e+00  -3.99996000e+00  -2.09533000e+00]
 [  7.81500000e+00  -3.99996000e+00  -9.53300000e-02]
 [  7.81500000e+00  -5.00000000e+00  -9.53300000e-02]
 [  7.81501000e+00  -5.00000000e+00  -3.09524000e+00]]

L = [[ 11.91932  -2.37129   0.     ]
 [ 14.74775   0.4572    0.     ]
 [ 16.16199  -0.95707   0.     ]
 [ 14.74777  -2.37135   0.     ]
 [ 16.16194  -3.78557   0.     ]
 [ 14.74776  -5.19978   0.     ]
 [ 11.91932  -2.37129   0.     ]]