K = [[-1.5     -1.46946 -2.02254]
 [-1.5      1.46946  2.02254]
 [-0.5      1.46946  2.02254]
 [-0.5      0.29389  0.40451]
 [ 0.5      1.46946  2.02254]
 [ 1.5      1.46946  2.02254]
 [ 0.5      0.29389  0.40451]
 [ 1.5     -1.46946 -2.02254]
 [ 0.5     -1.46946 -2.02254]
 [-0.5     -0.29389 -0.40451]
 [-0.5     -1.46946 -2.02254]
 [-1.5     -1.46946 -2.02254]]

E = [[  7.65670000e+00  -5.00000000e+00  -3.09745000e+00]
 [  7.65670000e+00   1.00000000e-05  -3.09745000e+00]
 [  7.97026000e+00   1.00000000e-05  -1.13960000e-01]
 [  7.97026000e+00  -1.00002000e+00  -1.13960000e-01]
 [  7.76125000e+00  -1.00002000e+00  -2.10302000e+00]
 [  7.76125000e+00  -1.99999000e+00  -2.10302000e+00]
 [  7.97026000e+00  -1.99999000e+00  -1.13960000e-01]
 [  7.97026000e+00  -2.99996000e+00  -1.13960000e-01]
 [  7.76125000e+00  -2.99996000e+00  -2.10302000e+00]
 [  7.76125000e+00  -3.99996000e+00  -2.10302000e+00]
 [  7.97026000e+00  -3.99996000e+00  -1.13960000e-01]
 [  7.97026000e+00  -5.00000000e+00  -1.13960000e-01]
 [  7.65670000e+00  -5.00000000e+00  -3.09745000e+00]]

L = [[ 12.02156  -3.0691    0.     ]
 [ 14.02155   0.39507   0.     ]
 [ 15.75362  -0.60499   0.     ]
 [ 14.75363  -2.3371    0.     ]
 [ 16.48565  -3.33712   0.     ]
 [ 15.48568  -5.06916   0.     ]
 [ 12.02156  -3.0691    0.     ]]