K = [[-1.5     -1.13498 -2.22752]
 [-1.5      1.13498  2.22752]
 [-0.5      1.13498  2.22752]
 [-0.5      0.227    0.4455 ]
 [ 0.5      1.13498  2.22752]
 [ 1.5      1.13498  2.22752]
 [ 0.5      0.227    0.4455 ]
 [ 1.5     -1.13498 -2.22752]
 [ 0.5     -1.13498 -2.22752]
 [-0.5     -0.227   -0.4455 ]
 [-0.5     -1.13498 -2.22752]
 [-1.5     -1.13498 -2.22752]]

E = [[  7.36564000e+00  -5.00000000e+00  -3.05268000e+00]
 [  7.36564000e+00   1.00000000e-05  -3.05268000e+00]
 [  7.98933000e+00   1.00000000e-05  -1.18310000e-01]
 [  7.98933000e+00  -1.00002000e+00  -1.18310000e-01]
 [  7.57356000e+00  -1.00002000e+00  -2.07462000e+00]
 [  7.57356000e+00  -1.99999000e+00  -2.07462000e+00]
 [  7.98933000e+00  -1.99999000e+00  -1.18310000e-01]
 [  7.98933000e+00  -2.99996000e+00  -1.18310000e-01]
 [  7.57356000e+00  -2.99996000e+00  -2.07462000e+00]
 [  7.57356000e+00  -3.99996000e+00  -2.07462000e+00]
 [  7.98933000e+00  -3.99996000e+00  -1.18310000e-01]
 [  7.98933000e+00  -5.00000000e+00  -1.18310000e-01]
 [  7.36564000e+00  -5.00000000e+00  -3.05268000e+00]]

L = [[ 12.07934  -3.60159   0.     ]
 [ 13.11459   0.26217   0.     ]
 [ 15.04647  -0.25552   0.     ]
 [ 14.52886  -2.18742   0.     ]
 [ 16.46069  -2.70509   0.     ]
 [ 15.94309  -4.63693   0.     ]
 [ 12.07934  -3.60159   0.     ]]