K = [[-1.5     -0.77254 -2.37764]
 [-1.5      0.77254  2.37764]
 [-0.5      0.77254  2.37764]
 [-0.5      0.15451  0.47553]
 [ 0.5      0.77254  2.37764]
 [ 1.5      0.77254  2.37764]
 [ 0.5      0.15451  0.47553]
 [ 1.5     -0.77254 -2.37764]
 [ 0.5     -0.77254 -2.37764]
 [-0.5     -0.15451 -0.47553]
 [-0.5     -0.77254 -2.37764]
 [-1.5     -0.77254 -2.37764]]

E = [[  7.06466000e+00  -5.00000000e+00  -2.97220000e+00]
 [  7.06466000e+00   1.00000000e-05  -2.97220000e+00]
 [  7.99165000e+00   1.00000000e-05  -1.19100000e-01]
 [  7.99165000e+00  -1.00002000e+00  -1.19100000e-01]
 [  7.37367000e+00  -1.00002000e+00  -2.02123000e+00]
 [  7.37367000e+00  -1.99999000e+00  -2.02123000e+00]
 [  7.99165000e+00  -1.99999000e+00  -1.19100000e-01]
 [  7.99165000e+00  -2.99996000e+00  -1.19100000e-01]
 [  7.37367000e+00  -2.99996000e+00  -2.02123000e+00]
 [  7.37367000e+00  -3.99996000e+00  -2.02123000e+00]
 [  7.99165000e+00  -3.99996000e+00  -1.19100000e-01]
 [  7.99165000e+00  -5.00000000e+00  -1.19100000e-01]
 [  7.06466000e+00  -5.00000000e+00  -2.97220000e+00]]

L = [[ 12.36295  -3.86887   0.     ]
 [ 12.3629    0.13118   0.     ]
 [ 14.36294   0.13112   0.     ]
 [ 14.36299  -1.86892   0.     ]
 [ 16.36297  -1.86895   0.     ]
 [ 16.363    -3.86893   0.     ]
 [ 12.36295  -3.86887   0.     ]]