K = [[-1.5     -0.39109 -2.46922]
 [-1.5      0.39109  2.46922]
 [-0.5      0.39109  2.46922]
 [-0.5      0.07822  0.49384]
 [ 0.5      0.39109  2.46922]
 [ 1.5      0.39109  2.46922]
 [ 0.5      0.07822  0.49384]
 [ 1.5     -0.39109 -2.46922]
 [ 0.5     -0.39109 -2.46922]
 [-0.5     -0.07822 -0.49384]
 [-0.5     -0.39109 -2.46922]
 [-1.5     -0.39109 -2.46922]]

E = [[  6.77178000e+00  -5.00000000e+00  -2.85981000e+00]
 [  6.77178000e+00   1.00000000e-05  -2.85981000e+00]
 [  7.99193000e+00   1.00000000e-05  -1.19220000e-01]
 [  7.99193000e+00  -1.00002000e+00  -1.19220000e-01]
 [  7.17851000e+00  -1.00002000e+00  -1.94634000e+00]
 [  7.17851000e+00  -1.99999000e+00  -1.94634000e+00]
 [  7.99193000e+00  -1.99999000e+00  -1.19220000e-01]
 [  7.99193000e+00  -2.99996000e+00  -1.19220000e-01]
 [  7.17851000e+00  -2.99996000e+00  -1.94634000e+00]
 [  7.17851000e+00  -3.99996000e+00  -1.94634000e+00]
 [  7.99193000e+00  -3.99996000e+00  -1.19220000e-01]
 [  7.99193000e+00  -5.00000000e+00  -1.19220000e-01]
 [  6.77178000e+00  -5.00000000e+00  -2.85981000e+00]]

L = [[ 12.62532  -4.09497   0.     ]
 [ 11.58998  -0.23123   0.     ]
 [ 13.52189   0.28637   0.     ]
 [ 14.03958  -1.64551   0.     ]
 [ 15.97143  -1.12791   0.     ]
 [ 16.48909  -3.05974   0.     ]
 [ 12.62532  -4.09497   0.     ]]