K = [[-1.5     -1.76777 -1.76777]
 [-1.5      1.76777  1.76777]
 [-0.5      1.76777  1.76777]
 [-0.5      0.35355  0.35355]
 [ 0.5      1.76777  1.76777]
 [ 1.5      1.76777  1.76777]
 [ 0.5      0.35355  0.35355]
 [ 1.5     -1.76777 -1.76777]
 [ 0.5     -1.76777 -1.76777]
 [-0.5     -0.35355 -0.35355]
 [-0.5     -1.76777 -1.76777]
 [-1.5     -1.76777 -1.76777]]

E = [[  5.32612000e+00  -4.99996000e+00   4.59500000e-02]
 [  5.32612000e+00   3.00000000e-05   4.59500000e-02]
 [  7.92419000e+00   3.00000000e-05  -1.45401000e+00]
 [  7.92419000e+00  -9.99940000e-01  -1.45401000e+00]
 [  6.19214000e+00  -9.99940000e-01  -4.54040000e-01]
 [  6.19214000e+00  -1.99995000e+00  -4.54040000e-01]
 [  7.92419000e+00  -1.99995000e+00  -1.45401000e+00]
 [  7.92419000e+00  -2.99994000e+00  -1.45401000e+00]
 [  6.19214000e+00  -2.99994000e+00  -4.54040000e-01]
 [  6.19214000e+00  -3.99994000e+00  -4.54040000e-01]
 [  7.92419000e+00  -3.99994000e+00  -1.45401000e+00]
 [  7.92419000e+00  -4.99996000e+00  -1.45401000e+00]
 [  5.32612000e+00  -4.99996000e+00   4.59500000e-02]]

L = [[ 15.03243  -4.04051   0.     ]
 [ 11.16871  -3.00522   0.     ]
 [ 11.68636  -1.07336   0.     ]
 [ 13.6182   -1.59101   0.     ]
 [ 14.13586   0.34083   0.     ]
 [ 16.06771  -0.17678   0.     ]
 [ 15.03243  -4.04051   0.     ]]