K = [[-1.5 -0.  -2.5]
 [-1.5  0.   2.5]
 [-0.5  0.   2.5]
 [-0.5  0.   0.5]
 [ 0.5  0.   2.5]
 [ 1.5  0.   2.5]
 [ 0.5  0.   0.5]
 [ 1.5 -0.  -2.5]
 [ 0.5 -0.  -2.5]
 [-0.5 -0.  -0.5]
 [-0.5 -0.  -2.5]
 [-1.5 -0.  -2.5]]

E = [[  6.49202000e+00  -5.00000000e+00  -2.71727000e+00]
 [  6.49202000e+00   1.00000000e-05  -2.71727000e+00]
 [  7.99196000e+00   1.00000000e-05  -1.19250000e-01]
 [  7.99196000e+00  -1.00002000e+00  -1.19250000e-01]
 [  6.99202000e+00  -1.00002000e+00  -1.85132000e+00]
 [  6.99202000e+00  -1.99999000e+00  -1.85132000e+00]
 [  7.99196000e+00  -1.99999000e+00  -1.19250000e-01]
 [  7.99196000e+00  -2.99996000e+00  -1.19250000e-01]
 [  6.99202000e+00  -2.99996000e+00  -1.85132000e+00]
 [  6.99202000e+00  -3.99996000e+00  -1.85132000e+00]
 [  7.99196000e+00  -3.99996000e+00  -1.19250000e-01]
 [  7.99196000e+00  -5.00000000e+00  -1.19250000e-01]
 [  6.49202000e+00  -5.00000000e+00  -2.71727000e+00]]

L = [[ 12.95047  -4.28006   0.     ]
 [ 10.9504   -0.81593   0.     ]
 [ 12.68253   0.18406   0.     ]
 [ 13.68259  -1.54803   0.     ]
 [ 15.41464  -0.54806   0.     ]
 [ 16.41466  -2.28008   0.     ]
 [ 12.95047  -4.28006   0.     ]]