K = [[-1.5      0.39109 -2.46922]
 [-1.5     -0.39109  2.46922]
 [-0.5     -0.39109  2.46922]
 [-0.5     -0.07822  0.49384]
 [ 0.5     -0.39109  2.46922]
 [ 1.5     -0.39109  2.46922]
 [ 0.5     -0.07822  0.49384]
 [ 1.5      0.39109 -2.46922]
 [ 0.5      0.39109 -2.46922]
 [-0.5      0.07822 -0.49384]
 [-0.5      0.39109 -2.46922]
 [-1.5      0.39109 -2.46922]]

E = [[  6.22867000e+00  -5.00000000e+00  -2.54626000e+00]
 [  6.22867000e+00   1.00000000e-05  -2.54626000e+00]
 [  7.99196000e+00   1.00000000e-05  -1.19250000e-01]
 [  7.99196000e+00  -1.00002000e+00  -1.19250000e-01]
 [  6.81645000e+00  -1.00002000e+00  -1.73732000e+00]
 [  6.81645000e+00  -1.99999000e+00  -1.73732000e+00]
 [  7.99196000e+00  -1.99999000e+00  -1.19250000e-01]
 [  7.99196000e+00  -2.99996000e+00  -1.19250000e-01]
 [  6.81645000e+00  -2.99996000e+00  -1.73732000e+00]
 [  6.81645000e+00  -3.99996000e+00  -1.73732000e+00]
 [  7.99196000e+00  -3.99996000e+00  -1.19250000e-01]
 [  7.99196000e+00  -5.00000000e+00  -1.19250000e-01]
 [  6.22867000e+00  -5.00000000e+00  -2.54626000e+00]]

L = [[ 13.46633  -4.17235   0.     ]
 [ 10.63782  -1.34393   0.     ]
 [ 12.05211   0.07031   0.     ]
 [ 13.46639  -1.34393   0.     ]
 [ 14.88061   0.07024   0.     ]
 [ 16.29485  -1.34393   0.     ]
 [ 13.46633  -4.17235   0.     ]]