K = [[-1.5      0.77254 -2.37764]
 [-1.5     -0.77254  2.37764]
 [-0.5     -0.77254  2.37764]
 [-0.5     -0.15451  0.47553]
 [ 0.5     -0.77254  2.37764]
 [ 1.5     -0.77254  2.37764]
 [ 0.5     -0.15451  0.47553]
 [ 1.5      0.77254 -2.37764]
 [ 0.5      0.77254 -2.37764]
 [-0.5      0.15451 -0.47553]
 [-0.5      0.77254 -2.37764]
 [-1.5      0.77254 -2.37764]]

E = [[  5.98464000e+00  -5.00000000e+00  -2.34866000e+00]
 [  5.98464000e+00   1.00000000e-05  -2.34866000e+00]
 [  7.99196000e+00   1.00000000e-05  -1.19250000e-01]
 [  7.99196000e+00  -1.00002000e+00  -1.19250000e-01]
 [  6.65376000e+00  -1.00002000e+00  -1.60558000e+00]
 [  6.65376000e+00  -1.99999000e+00  -1.60558000e+00]
 [  7.99196000e+00  -1.99999000e+00  -1.19250000e-01]
 [  7.99196000e+00  -2.99996000e+00  -1.19250000e-01]
 [  6.65376000e+00  -2.99996000e+00  -1.60558000e+00]
 [  6.65376000e+00  -3.99996000e+00  -1.60558000e+00]
 [  7.99196000e+00  -3.99996000e+00  -1.19250000e-01]
 [  7.99196000e+00  -5.00000000e+00  -1.19250000e-01]
 [  5.98464000e+00  -5.00000000e+00  -2.34866000e+00]]

L = [[ 14.1481   -4.11144   0.     ]
 [ 10.68392  -2.11148   0.     ]
 [ 11.684    -0.37938   0.     ]
 [ 13.41612  -1.37939   0.     ]
 [ 14.41613   0.35261   0.     ]
 [ 16.14819  -0.64733   0.     ]
 [ 14.1481   -4.11144   0.     ]]