K = [[-1.5      1.13498 -2.22752]
 [-1.5     -1.13498  2.22752]
 [-0.5     -1.13498  2.22752]
 [-0.5     -0.227    0.4455 ]
 [ 0.5     -1.13498  2.22752]
 [ 1.5     -1.13498  2.22752]
 [ 0.5     -0.227    0.4455 ]
 [ 1.5      1.13498 -2.22752]
 [ 0.5      1.13498 -2.22752]
 [-0.5      0.227   -0.4455 ]
 [-0.5      1.13498 -2.22752]
 [-1.5      1.13498 -2.22752]]

E = [[  5.76260000e+00  -5.00000000e+00  -2.12663000e+00]
 [  5.76260000e+00   1.00000000e-05  -2.12663000e+00]
 [  7.99196000e+00   1.00000000e-05  -1.19250000e-01]
 [  7.99196000e+00  -1.00002000e+00  -1.19250000e-01]
 [  6.50573000e+00  -1.00002000e+00  -1.45755000e+00]
 [  6.50573000e+00  -1.99999000e+00  -1.45755000e+00]
 [  7.99196000e+00  -1.99999000e+00  -1.19250000e-01]
 [  7.99196000e+00  -2.99996000e+00  -1.19250000e-01]
 [  6.50573000e+00  -2.99996000e+00  -1.45755000e+00]
 [  6.50573000e+00  -3.99996000e+00  -1.45755000e+00]
 [  7.99196000e+00  -3.99996000e+00  -1.19250000e-01]
 [  7.99196000e+00  -5.00000000e+00  -1.19250000e-01]
 [  5.76260000e+00  -5.00000000e+00  -2.12663000e+00]]

L = [[ 15.03238  -4.04045   0.     ]
 [ 11.16862  -3.00522   0.     ]
 [ 11.68632  -1.0733    0.     ]
 [ 13.61823  -1.59094   0.     ]
 [ 14.1359    0.34086   0.     ]
 [ 16.06773  -0.17671   0.     ]
 [ 15.03238  -4.04045   0.     ]]