K = [[-1.5      1.46946 -2.02254]
 [-1.5     -1.46946  2.02254]
 [-0.5     -1.46946  2.02254]
 [-0.5     -0.29389  0.40451]
 [ 0.5     -1.46946  2.02254]
 [ 1.5     -1.46946  2.02254]
 [ 0.5     -0.29389  0.40451]
 [ 1.5      1.46946 -2.02254]
 [ 0.5      1.46946 -2.02254]
 [-0.5      0.29389 -0.40451]
 [-0.5      1.46946 -2.02254]
 [-1.5      1.46946 -2.02254]]

E = [[  5.56499000e+00  -5.00000000e+00  -1.88260000e+00]
 [  5.56499000e+00   1.00000000e-05  -1.88260000e+00]
 [  7.99196000e+00   1.00000000e-05  -1.19250000e-01]
 [  7.99196000e+00  -1.00002000e+00  -1.19250000e-01]
 [  6.37399000e+00  -1.00002000e+00  -1.29486000e+00]
 [  6.37399000e+00  -1.99999000e+00  -1.29486000e+00]
 [  7.99196000e+00  -1.99999000e+00  -1.19250000e-01]
 [  7.99196000e+00  -2.99996000e+00  -1.19250000e-01]
 [  6.37399000e+00  -2.99996000e+00  -1.29486000e+00]
 [  6.37399000e+00  -3.99996000e+00  -1.29486000e+00]
 [  7.99196000e+00  -3.99996000e+00  -1.19250000e-01]
 [  7.99196000e+00  -5.00000000e+00  -1.19250000e-01]
 [  5.56499000e+00  -5.00000000e+00  -1.88260000e+00]]

L = [[ 15.9959   -3.68905   0.     ]
 [ 11.99587  -3.6891    0.     ]
 [ 11.9959   -1.68903   0.     ]
 [ 13.99597  -1.68901   0.     ]
 [ 13.99601   0.31095   0.     ]
 [ 15.99598   0.31102   0.     ]
 [ 15.9959   -3.68905   0.     ]]