K = [[-1.5      1.76777 -1.76777]
 [-1.5     -1.76777  1.76777]
 [-0.5     -1.76777  1.76777]
 [-0.5     -0.35355  0.35355]
 [ 0.5     -1.76777  1.76777]
 [ 1.5     -1.76777  1.76777]
 [ 0.5     -0.35355  0.35355]
 [ 1.5      1.76777 -1.76777]
 [ 0.5      1.76777 -1.76777]
 [-0.5      0.35355 -0.35355]
 [-0.5      1.76777 -1.76777]
 [-1.5      1.76777 -1.76777]]

E = [[  5.39397000e+00  -5.00000000e+00  -1.61926000e+00]
 [  5.39397000e+00   1.00000000e-05  -1.61926000e+00]
 [  7.99196000e+00   1.00000000e-05  -1.19250000e-01]
 [  7.99196000e+00  -1.00002000e+00  -1.19250000e-01]
 [  6.25997000e+00  -1.00002000e+00  -1.11929000e+00]
 [  6.25997000e+00  -1.99999000e+00  -1.11929000e+00]
 [  7.99196000e+00  -1.99999000e+00  -1.19250000e-01]
 [  7.99196000e+00  -2.99996000e+00  -1.19250000e-01]
 [  6.25997000e+00  -2.99996000e+00  -1.11929000e+00]
 [  6.25997000e+00  -3.99996000e+00  -1.11929000e+00]
 [  7.99196000e+00  -3.99996000e+00  -1.19250000e-01]
 [  7.99196000e+00  -5.00000000e+00  -1.19250000e-01]
 [  5.39397000e+00  -5.00000000e+00  -1.61926000e+00]]

L = [[ 16.43891  -3.30873   0.     ]
 [ 12.57519  -4.34406   0.     ]
 [ 12.05757  -2.41214   0.     ]
 [ 13.98948  -1.89446   0.     ]
 [ 13.4719    0.03736   0.     ]
 [ 15.40369   0.55506   0.     ]
 [ 16.43891  -3.30873   0.     ]]