K = [[-1.5      2.02254 -1.46946]
 [-1.5     -2.02254  1.46946]
 [-0.5     -2.02254  1.46946]
 [-0.5     -0.40451  0.29389]
 [ 0.5     -2.02254  1.46946]
 [ 1.5     -2.02254  1.46946]
 [ 0.5     -0.40451  0.29389]
 [ 1.5      2.02254 -1.46946]
 [ 0.5      2.02254 -1.46946]
 [-0.5      0.40451 -0.29389]
 [-0.5      2.02254 -1.46946]
 [-1.5      2.02254 -1.46946]]

E = [[  5.25141000e+00  -5.00000000e+00  -1.33948000e+00]
 [  5.25141000e+00   1.00000000e-05  -1.33948000e+00]
 [  7.99196000e+00   1.00000000e-05  -1.19250000e-01]
 [  7.99196000e+00  -1.00002000e+00  -1.19250000e-01]
 [  6.16493000e+00  -1.00002000e+00  -9.32770000e-01]
 [  6.16493000e+00  -1.99999000e+00  -9.32770000e-01]
 [  7.99196000e+00  -1.99999000e+00  -1.19250000e-01]
 [  7.99196000e+00  -2.99996000e+00  -1.19250000e-01]
 [  6.16493000e+00  -2.99996000e+00  -9.32770000e-01]
 [  6.16493000e+00  -3.99996000e+00  -9.32770000e-01]
 [  7.99196000e+00  -3.99996000e+00  -1.19250000e-01]
 [  7.99196000e+00  -5.00000000e+00  -1.19250000e-01]
 [  5.25141000e+00  -5.00000000e+00  -1.33948000e+00]]

L = [[ 16.4669   -2.9993    0.     ]
 [ 13.0028   -4.99937   0.     ]
 [ 12.0028   -3.26724   0.     ]
 [ 13.7349   -2.26718   0.     ]
 [ 12.73495  -0.53516   0.     ]
 [ 14.46693   0.46489   0.     ]
 [ 16.4669   -2.9993    0.     ]]