K = [[-1.5      2.22752 -1.13498]
 [-1.5     -2.22752  1.13498]
 [-0.5     -2.22752  1.13498]
 [-0.5     -0.4455   0.227  ]
 [ 0.5     -2.22752  1.13498]
 [ 1.5     -2.22752  1.13498]
 [ 0.5     -0.4455   0.227  ]
 [ 1.5      2.22752 -1.13498]
 [ 0.5      2.22752 -1.13498]
 [-0.5      0.4455  -0.227  ]
 [-0.5      2.22752 -1.13498]
 [-1.5      2.22752 -1.13498]]

E = [[  5.13888000e+00  -5.00000000e+00  -1.04633000e+00]
 [  5.13888000e+00   1.00000000e-05  -1.04633000e+00]
 [  7.99196000e+00   1.00000000e-05  -1.19250000e-01]
 [  7.99196000e+00  -1.00002000e+00  -1.19250000e-01]
 [  6.08991000e+00  -1.00002000e+00  -7.37330000e-01]
 [  6.08991000e+00  -1.99999000e+00  -7.37330000e-01]
 [  7.99196000e+00  -1.99999000e+00  -1.19250000e-01]
 [  7.99196000e+00  -2.99996000e+00  -1.19250000e-01]
 [  6.08991000e+00  -2.99996000e+00  -7.37330000e-01]
 [  6.08991000e+00  -3.99996000e+00  -7.37330000e-01]
 [  7.99196000e+00  -3.99996000e+00  -1.19250000e-01]
 [  7.99196000e+00  -5.00000000e+00  -1.19250000e-01]
 [  5.13888000e+00  -5.00000000e+00  -1.04633000e+00]]

L = [[ 16.42148  -2.49846   0.     ]
 [ 13.59308  -5.32696   0.     ]
 [ 12.17885  -3.91268   0.     ]
 [ 13.5931   -2.49838   0.     ]
 [ 12.17894  -1.08418   0.     ]
 [ 13.59307   0.33006   0.     ]
 [ 16.42148  -2.49846   0.     ]]