K = [[-1.5      2.37764 -0.77254]
 [-1.5     -2.37764  0.77254]
 [-0.5     -2.37764  0.77254]
 [-0.5     -0.47553  0.15451]
 [ 0.5     -2.37764  0.77254]
 [ 1.5     -2.37764  0.77254]
 [ 0.5     -0.47553  0.15451]
 [ 1.5      2.37764 -0.77254]
 [ 0.5      2.37764 -0.77254]
 [-0.5      0.47553 -0.15451]
 [-0.5      2.37764 -0.77254]
 [-1.5      2.37764 -0.77254]]

E = [[  5.05761000e+00  -5.00000000e+00  -7.43020000e-01]
 [  5.05761000e+00   1.00000000e-05  -7.43020000e-01]
 [  7.99196000e+00   1.00000000e-05  -1.19250000e-01]
 [  7.99196000e+00  -1.00002000e+00  -1.19250000e-01]
 [  6.03573000e+00  -1.00002000e+00  -5.35130000e-01]
 [  6.03573000e+00  -1.99999000e+00  -5.35130000e-01]
 [  7.99196000e+00  -1.99999000e+00  -1.19250000e-01]
 [  7.99196000e+00  -2.99996000e+00  -1.19250000e-01]
 [  6.03573000e+00  -2.99996000e+00  -5.35130000e-01]
 [  6.03573000e+00  -3.99996000e+00  -5.35130000e-01]
 [  7.99196000e+00  -3.99996000e+00  -1.19250000e-01]
 [  7.99196000e+00  -5.00000000e+00  -1.19250000e-01]
 [  5.05761000e+00  -5.00000000e+00  -7.43020000e-01]]

L = [[ 16.3381   -1.79499   0.     ]
 [ 14.33815  -5.25916   0.     ]
 [ 12.60606  -4.25909   0.     ]
 [ 13.60607  -2.52695   0.     ]
 [ 11.87408  -1.52696   0.     ]
 [ 12.87399   0.2051    0.     ]
 [ 16.3381   -1.79499   0.     ]]