K = [[-1.5      2.46922 -0.39109]
 [-1.5     -2.46922  0.39109]
 [-0.5     -2.46922  0.39109]
 [-0.5     -0.49384  0.07822]
 [ 0.5     -2.46922  0.39109]
 [ 1.5     -2.46922  0.39109]
 [ 0.5     -0.49384  0.07822]
 [ 1.5      2.46922 -0.39109]
 [ 0.5      2.46922 -0.39109]
 [-0.5      0.49384 -0.07822]
 [-0.5      2.46922 -0.39109]
 [-1.5      2.46922 -0.39109]]

E = [[  5.00849000e+00  -5.00000000e+00  -4.32880000e-01]
 [  5.00849000e+00   1.00000000e-05  -4.32880000e-01]
 [  7.99196000e+00   1.00000000e-05  -1.19250000e-01]
 [  7.99196000e+00  -1.00002000e+00  -1.19250000e-01]
 [  6.00298000e+00  -1.00002000e+00  -3.28380000e-01]
 [  6.00298000e+00  -1.99999000e+00  -3.28380000e-01]
 [  7.99196000e+00  -1.99999000e+00  -1.19250000e-01]
 [  7.99196000e+00  -2.99996000e+00  -1.19250000e-01]
 [  6.00298000e+00  -2.99996000e+00  -3.28380000e-01]
 [  6.00298000e+00  -3.99996000e+00  -3.28380000e-01]
 [  7.99196000e+00  -3.99996000e+00  -1.19250000e-01]
 [  7.99196000e+00  -5.00000000e+00  -1.19250000e-01]
 [  5.00849000e+00  -5.00000000e+00  -4.32880000e-01]]

L = [[ 16.22487  -0.93031   0.     ]
 [ 15.18966  -4.79407   0.     ]
 [ 13.25775  -4.27638   0.     ]
 [ 13.77538  -2.34444   0.     ]
 [ 11.84358  -1.82678   0.     ]
 [ 12.36113   0.10505   0.     ]
 [ 16.22487  -0.93031   0.     ]]