K = [[-1.5     -1.46946 -2.02254]
 [-1.5      1.46946  2.02254]
 [-0.5      1.46946  2.02254]
 [-0.5      0.29389  0.40451]
 [ 0.5      1.46946  2.02254]
 [ 1.5      1.46946  2.02254]
 [ 0.5      0.29389  0.40451]
 [ 1.5     -1.46946 -2.02254]
 [ 0.5     -1.46946 -2.02254]
 [-0.5     -0.29389 -0.40451]
 [-0.5     -1.46946 -2.02254]
 [-1.5     -1.46946 -2.02254]]

E = [[  5.48026000e+00  -5.00000000e+00   3.79600000e-02]
 [  5.48026000e+00   1.00000000e-05   3.79600000e-02]
 [  7.90731000e+00   1.00000000e-05  -1.72534000e+00]
 [  7.90731000e+00  -9.99980000e-01  -1.72534000e+00]
 [  6.28927000e+00  -9.99980000e-01  -5.49820000e-01]
 [  6.28927000e+00  -1.99998000e+00  -5.49820000e-01]
 [  7.90731000e+00  -1.99998000e+00  -1.72534000e+00]
 [  7.90731000e+00  -2.99996000e+00  -1.72534000e+00]
 [  6.28927000e+00  -2.99996000e+00  -5.49820000e-01]
 [  6.28927000e+00  -3.99996000e+00  -5.49820000e-01]
 [  7.90731000e+00  -3.99996000e+00  -1.72534000e+00]
 [  7.90731000e+00  -5.00000000e+00  -1.72534000e+00]
 [  5.48026000e+00  -5.00000000e+00   3.79600000e-02]]

L = [[ 15.99598  -3.68904   0.     ]
 [ 11.99596  -3.68903   0.     ]
 [ 11.99597  -1.68902   0.     ]
 [ 13.99596  -1.68903   0.     ]
 [ 13.99598   0.31097   0.     ]
 [ 15.99599   0.31099   0.     ]
 [ 15.99598  -3.68904   0.     ]]