K = [[-1.5  2.5 -0. ]
 [-1.5 -2.5  0. ]
 [-0.5 -2.5  0. ]
 [-0.5 -0.5  0. ]
 [ 0.5 -2.5  0. ]
 [ 1.5 -2.5  0. ]
 [ 0.5 -0.5  0. ]
 [ 1.5  2.5 -0. ]
 [ 0.5  2.5 -0. ]
 [-0.5  0.5 -0. ]
 [-0.5  2.5 -0. ]
 [-1.5  2.5 -0. ]]

E = [[  4.99205000e+00  -5.00000000e+00  -1.19310000e-01]
 [  4.99205000e+00   1.00000000e-05  -1.19310000e-01]
 [  7.99196000e+00   1.00000000e-05  -1.19250000e-01]
 [  7.99196000e+00  -1.00002000e+00  -1.19250000e-01]
 [  5.99202000e+00  -1.00002000e+00  -1.19340000e-01]
 [  5.99202000e+00  -1.99999000e+00  -1.19340000e-01]
 [  7.99196000e+00  -1.99999000e+00  -1.19250000e-01]
 [  7.99196000e+00  -2.99996000e+00  -1.19250000e-01]
 [  5.99202000e+00  -2.99996000e+00  -1.19340000e-01]
 [  5.99202000e+00  -3.99996000e+00  -1.19340000e-01]
 [  7.99196000e+00  -3.99996000e+00  -1.19250000e-01]
 [  7.99196000e+00  -5.00000000e+00  -1.19250000e-01]
 [  4.99205000e+00  -5.00000000e+00  -1.19310000e-01]]

L = [[ 16.08954   0.0375    0.     ]
 [ 16.08964  -3.96252   0.     ]
 [ 14.08956  -3.96249   0.     ]
 [ 14.08954  -1.96241   0.     ]
 [ 12.08956  -1.96238   0.     ]
 [ 12.08948   0.03759   0.     ]
 [ 16.08954   0.0375    0.     ]]