K = [[-1.5      2.46922  0.39109]
 [-1.5     -2.46922 -0.39109]
 [-0.5     -2.46922 -0.39109]
 [-0.5     -0.49384 -0.07822]
 [ 0.5     -2.46922 -0.39109]
 [ 1.5     -2.46922 -0.39109]
 [ 0.5     -0.49384 -0.07822]
 [ 1.5      2.46922  0.39109]
 [ 0.5      2.46922  0.39109]
 [-0.5      0.49384  0.07822]
 [-0.5      2.46922  0.39109]
 [-1.5      2.46922  0.39109]]

E = [[  5.00848000e+00  -5.00000000e+00   3.75100000e-02]
 [  5.00848000e+00   1.00000000e-05   3.75100000e-02]
 [  7.99196000e+00   1.00000000e-05  -2.76000000e-01]
 [  7.99196000e+00  -1.00002000e+00  -2.76000000e-01]
 [  6.00297000e+00  -1.00002000e+00  -6.70500000e-02]
 [  6.00297000e+00  -1.99999000e+00  -6.70500000e-02]
 [  7.99196000e+00  -1.99999000e+00  -2.76000000e-01]
 [  7.99196000e+00  -2.99996000e+00  -2.76000000e-01]
 [  6.00297000e+00  -2.99996000e+00  -6.70500000e-02]
 [  6.00297000e+00  -3.99996000e+00  -6.70500000e-02]
 [  7.99196000e+00  -3.99996000e+00  -2.76000000e-01]
 [  7.99196000e+00  -5.00000000e+00  -2.76000000e-01]
 [  5.00848000e+00  -5.00000000e+00   3.75100000e-02]]

L = [[ 15.42373   0.52502   0.     ]
 [ 16.45911  -3.33868   0.     ]
 [ 14.52717  -3.8563    0.     ]
 [ 14.0095   -1.92438   0.     ]
 [ 12.07766  -2.44199   0.     ]
 [ 11.55995  -0.51018   0.     ]
 [ 15.42373   0.52502   0.     ]]