K = [[-1.5      2.37764  0.77254]
 [-1.5     -2.37764 -0.77254]
 [-0.5     -2.37764 -0.77254]
 [-0.5     -0.47553 -0.15451]
 [ 0.5     -2.37764 -0.77254]
 [ 1.5     -2.37764 -0.77254]
 [ 0.5     -0.47553 -0.15451]
 [ 1.5      2.37764  0.77254]
 [ 0.5      2.37764  0.77254]
 [-0.5      0.47553  0.15451]
 [-0.5      2.37764  0.77254]
 [-1.5      2.37764  0.77254]]

E = [[  5.04326000e+00  -5.00000000e+00   5.61700000e-02]
 [  5.04326000e+00   1.00000000e-05   5.61700000e-02]
 [  7.97763000e+00   1.00000000e-05  -5.67490000e-01]
 [  7.97763000e+00  -1.00002000e+00  -5.67490000e-01]
 [  6.02137000e+00  -1.00002000e+00  -1.51770000e-01]
 [  6.02137000e+00  -1.99999000e+00  -1.51770000e-01]
 [  7.97763000e+00  -1.99999000e+00  -5.67490000e-01]
 [  7.97763000e+00  -2.99996000e+00  -5.67490000e-01]
 [  6.02137000e+00  -2.99996000e+00  -1.51770000e-01]
 [  6.02137000e+00  -3.99996000e+00  -1.51770000e-01]
 [  7.97763000e+00  -3.99996000e+00  -5.67490000e-01]
 [  7.97763000e+00  -5.00000000e+00  -5.67490000e-01]
 [  5.04326000e+00  -5.00000000e+00   5.61700000e-02]]

L = [[ 14.47021   0.4619    0.     ]
 [ 16.47029  -3.00218   0.     ]
 [ 14.73818  -4.00219   0.     ]
 [ 13.73811  -2.27007   0.     ]
 [ 12.00608  -3.27004   0.     ]
 [ 11.00602  -1.53805   0.     ]
 [ 14.47021   0.4619    0.     ]]