K = [[-1.5      2.22752  1.13498]
 [-1.5     -2.22752 -1.13498]
 [-0.5     -2.22752 -1.13498]
 [-0.5     -0.4455  -0.227  ]
 [ 0.5     -2.22752 -1.13498]
 [ 1.5     -2.22752 -1.13498]
 [ 0.5     -0.4455  -0.227  ]
 [ 1.5      2.22752  1.13498]
 [ 0.5      2.22752  1.13498]
 [-0.5      0.4455   0.227  ]
 [-0.5      2.22752  1.13498]
 [-1.5      2.22752  1.13498]]

E = [[  5.10677000e+00  -5.00000000e+00   5.61100000e-02]
 [  5.10677000e+00   1.00000000e-05   5.61100000e-02]
 [  7.95988000e+00   1.00000000e-05  -8.70860000e-01]
 [  7.95988000e+00  -1.00002000e+00  -8.70860000e-01]
 [  6.05778000e+00  -1.00002000e+00  -2.52920000e-01]
 [  6.05778000e+00  -1.99999000e+00  -2.52920000e-01]
 [  7.95988000e+00  -1.99999000e+00  -8.70860000e-01]
 [  7.95988000e+00  -2.99996000e+00  -8.70860000e-01]
 [  6.05778000e+00  -2.99996000e+00  -2.52920000e-01]
 [  6.05778000e+00  -3.99996000e+00  -2.52920000e-01]
 [  7.95988000e+00  -3.99996000e+00  -8.70860000e-01]
 [  7.95988000e+00  -5.00000000e+00  -8.70860000e-01]
 [  5.10677000e+00  -5.00000000e+00   5.61100000e-02]]

L = [[ 13.59349   0.32979   0.     ]
 [ 16.42198  -2.4986    0.     ]
 [ 15.00771  -3.91282   0.     ]
 [ 13.59342  -2.49857   0.     ]
 [ 12.17921  -3.91274   0.     ]
 [ 10.76496  -2.4986    0.     ]
 [ 13.59349   0.32979   0.     ]]