K = [[-1.5      2.02254  1.46946]
 [-1.5     -2.02254 -1.46946]
 [-0.5     -2.02254 -1.46946]
 [-0.5     -0.40451 -0.29389]
 [ 0.5     -2.02254 -1.46946]
 [ 1.5     -2.02254 -1.46946]
 [ 0.5     -0.40451 -0.29389]
 [ 1.5      2.02254  1.46946]
 [ 0.5      2.02254  1.46946]
 [-0.5      0.40451  0.29389]
 [-0.5      2.02254  1.46946]
 [-1.5      2.02254  1.46946]]

E = [[  5.20124000e+00  -5.00000000e+00   5.20900000e-02]
 [  5.20124000e+00   1.00000000e-05   5.20900000e-02]
 [  7.94182000e+00   1.00000000e-05  -1.16805000e+00]
 [  7.94182000e+00  -1.00002000e+00  -1.16805000e+00]
 [  6.11473000e+00  -1.00002000e+00  -3.54660000e-01]
 [  6.11473000e+00  -1.99999000e+00  -3.54660000e-01]
 [  7.94182000e+00  -1.99999000e+00  -1.16805000e+00]
 [  7.94182000e+00  -2.99996000e+00  -1.16805000e+00]
 [  6.11473000e+00  -2.99996000e+00  -3.54660000e-01]
 [  6.11473000e+00  -3.99996000e+00  -3.54660000e-01]
 [  7.94182000e+00  -3.99996000e+00  -1.16805000e+00]
 [  7.94182000e+00  -5.00000000e+00  -1.16805000e+00]
 [  5.20124000e+00  -5.00000000e+00   5.20900000e-02]]

L = [[ 12.87399   0.20508   0.     ]
 [ 16.33816  -1.79488   0.     ]
 [ 15.33809  -3.52694   0.     ]
 [ 13.60596  -2.52693   0.     ]
 [ 12.60595  -4.25894   0.     ]
 [ 10.87388  -3.25903   0.     ]
 [ 12.87399   0.20508   0.     ]]