K = [[-1.5      1.76777  1.76777]
 [-1.5     -1.76777 -1.76777]
 [-0.5     -1.76777 -1.76777]
 [-0.5     -0.35355 -0.35355]
 [ 0.5     -1.76777 -1.76777]
 [ 1.5     -1.76777 -1.76777]
 [ 0.5     -0.35355 -0.35355]
 [ 1.5      1.76777  1.76777]
 [ 0.5      1.76777  1.76777]
 [-0.5      0.35355  0.35355]
 [-0.5      1.76777  1.76777]
 [-1.5      1.76777  1.76777]]

E = [[  5.32617000e+00  -5.00000000e+00   4.59400000e-02]
 [  5.32617000e+00   1.00000000e-05   4.59400000e-02]
 [  7.92420000e+00   1.00000000e-05  -1.45398000e+00]
 [  7.92420000e+00  -1.00002000e+00  -1.45398000e+00]
 [  6.19214000e+00  -1.00002000e+00  -4.54060000e-01]
 [  6.19214000e+00  -1.99999000e+00  -4.54060000e-01]
 [  7.92420000e+00  -1.99999000e+00  -1.45398000e+00]
 [  7.92420000e+00  -2.99996000e+00  -1.45398000e+00]
 [  6.19214000e+00  -2.99996000e+00  -4.54060000e-01]
 [  6.19214000e+00  -3.99996000e+00  -4.54060000e-01]
 [  7.92420000e+00  -3.99996000e+00  -1.45398000e+00]
 [  7.92420000e+00  -5.00000000e+00  -1.45398000e+00]
 [  5.32617000e+00  -5.00000000e+00   4.59400000e-02]]

L = [[ 12.3611    0.10504   0.     ]
 [ 16.22486  -0.93018   0.     ]
 [ 15.70716  -2.86206   0.     ]
 [ 13.77523  -2.34443   0.     ]
 [ 13.25757  -4.27624   0.     ]
 [ 11.32572  -3.7587    0.     ]
 [ 12.3611    0.10504   0.     ]]