K = [[-1.5      1.46946  2.02254]
 [-1.5     -1.46946 -2.02254]
 [-0.5     -1.46946 -2.02254]
 [-0.5     -0.29389 -0.40451]
 [ 0.5     -1.46946 -2.02254]
 [ 1.5     -1.46946 -2.02254]
 [ 0.5     -0.29389 -0.40451]
 [ 1.5      1.46946  2.02254]
 [ 0.5      1.46946  2.02254]
 [-0.5      0.29389  0.40451]
 [-0.5      1.46946  2.02254]
 [-1.5      1.46946  2.02254]]

E = [[  5.48029000e+00  -5.00000000e+00   3.79600000e-02]
 [  5.48029000e+00   1.00000000e-05   3.79600000e-02]
 [  7.90731000e+00   1.00000000e-05  -1.72531000e+00]
 [  7.90731000e+00  -1.00002000e+00  -1.72531000e+00]
 [  6.28925000e+00  -1.00002000e+00  -5.49830000e-01]
 [  6.28925000e+00  -1.99999000e+00  -5.49830000e-01]
 [  7.90731000e+00  -1.99999000e+00  -1.72531000e+00]
 [  7.90731000e+00  -2.99996000e+00  -1.72531000e+00]
 [  6.28925000e+00  -2.99996000e+00  -5.49830000e-01]
 [  6.28925000e+00  -3.99996000e+00  -5.49830000e-01]
 [  7.90731000e+00  -3.99996000e+00  -1.72531000e+00]
 [  7.90731000e+00  -5.00000000e+00  -1.72531000e+00]
 [  5.48029000e+00  -5.00000000e+00   3.79600000e-02]]

L = [[ 12.08953   0.03755   0.     ]
 [ 16.08957   0.03762   0.     ]
 [ 16.08953  -1.96242   0.     ]
 [ 14.08944  -1.96245   0.     ]
 [ 14.08941  -3.96241   0.     ]
 [ 12.08945  -3.96251   0.     ]
 [ 12.08953   0.03755   0.     ]]