K = [[-1.5      1.13498  2.22752]
 [-1.5     -1.13498 -2.22752]
 [-0.5     -1.13498 -2.22752]
 [-0.5     -0.227   -0.4455 ]
 [ 0.5     -1.13498 -2.22752]
 [ 1.5     -1.13498 -2.22752]
 [ 0.5     -0.227   -0.4455 ]
 [ 1.5      1.13498  2.22752]
 [ 0.5      1.13498  2.22752]
 [-0.5      0.227    0.4455 ]
 [-0.5      1.13498  2.22752]
 [-1.5      1.13498  2.22752]]

E = [[  5.66193000e+00  -5.00000000e+00   2.82500000e-02]
 [  5.66193000e+00   1.00000000e-05   2.82500000e-02]
 [  7.89134000e+00   1.00000000e-05  -1.97906000e+00]
 [  7.89134000e+00  -1.00002000e+00  -1.97906000e+00]
 [  6.40502000e+00  -1.00002000e+00  -6.40880000e-01]
 [  6.40502000e+00  -1.99999000e+00  -6.40880000e-01]
 [  7.89134000e+00  -1.99999000e+00  -1.97906000e+00]
 [  7.89134000e+00  -2.99996000e+00  -1.97906000e+00]
 [  6.40502000e+00  -2.99996000e+00  -6.40880000e-01]
 [  6.40502000e+00  -3.99996000e+00  -6.40880000e-01]
 [  7.89134000e+00  -3.99996000e+00  -1.97906000e+00]
 [  7.89134000e+00  -5.00000000e+00  -1.97906000e+00]
 [  5.66193000e+00  -5.00000000e+00   2.82500000e-02]]

L = [[ 11.81892  -0.51028   0.     ]
 [ 15.68264   0.52508   0.     ]
 [ 16.20026  -1.40683   0.     ]
 [ 14.26833  -1.92452   0.     ]
 [ 14.78593  -3.85634   0.     ]
 [ 12.85414  -4.37406   0.     ]
 [ 11.81892  -0.51028   0.     ]]