K = [[-1.5      0.77254  2.37764]
 [-1.5     -0.77254 -2.37764]
 [-0.5     -0.77254 -2.37764]
 [-0.5     -0.15451 -0.47553]
 [ 0.5     -0.77254 -2.37764]
 [ 1.5     -0.77254 -2.37764]
 [ 0.5     -0.15451 -0.47553]
 [ 1.5      0.77254  2.37764]
 [ 0.5      0.77254  2.37764]
 [-0.5      0.15451  0.47553]
 [-0.5      0.77254  2.37764]
 [-1.5      0.77254  2.37764]]

E = [[  5.86910000e+00  -5.00000000e+00   1.69300000e-02]
 [  5.86910000e+00   1.00000000e-05   1.69300000e-02]
 [  7.87647000e+00   1.00000000e-05  -2.21243000e+00]
 [  7.87647000e+00  -1.00002000e+00  -2.21243000e+00]
 [  6.53818000e+00  -1.00002000e+00  -7.26220000e-01]
 [  6.53818000e+00  -1.99999000e+00  -7.26220000e-01]
 [  7.87647000e+00  -1.99999000e+00  -2.21243000e+00]
 [  7.87647000e+00  -2.99996000e+00  -2.21243000e+00]
 [  6.53818000e+00  -2.99996000e+00  -7.26220000e-01]
 [  6.53818000e+00  -3.99996000e+00  -7.26220000e-01]
 [  7.87647000e+00  -3.99996000e+00  -2.21243000e+00]
 [  7.87647000e+00  -5.00000000e+00  -2.21243000e+00]
 [  5.86910000e+00  -5.00000000e+00   1.69300000e-02]]

L = [[ 11.72495  -1.47956   0.     ]
 [ 15.18906   0.52053   0.     ]
 [ 16.18905  -1.21158   0.     ]
 [ 14.45693  -2.21165   0.     ]
 [ 15.4569   -3.94368   0.     ]
 [ 13.72493  -4.94374   0.     ]
 [ 11.72495  -1.47956   0.     ]]