K = [[-1.5      0.39109  2.46922]
 [-1.5     -0.39109 -2.46922]
 [-0.5     -0.39109 -2.46922]
 [-0.5     -0.07822 -0.49384]
 [ 0.5     -0.39109 -2.46922]
 [ 1.5     -0.39109 -2.46922]
 [ 0.5     -0.07822 -0.49384]
 [ 1.5      0.39109  2.46922]
 [ 0.5      0.39109  2.46922]
 [-0.5      0.07822  0.49384]
 [-0.5      0.39109  2.46922]
 [-1.5      0.39109  2.46922]]

E = [[  6.09953000e+00  -5.00000000e+00   4.11000000e-03]
 [  6.09953000e+00   1.00000000e-05   4.11000000e-03]
 [  7.86287000e+00   1.00000000e-05  -2.42288000e+00]
 [  7.86287000e+00  -1.00002000e+00  -2.42288000e+00]
 [  6.68725000e+00  -1.00002000e+00  -8.04920000e-01]
 [  6.68725000e+00  -1.99999000e+00  -8.04920000e-01]
 [  7.86287000e+00  -1.99999000e+00  -2.42288000e+00]
 [  7.86287000e+00  -2.99996000e+00  -2.42288000e+00]
 [  6.68725000e+00  -2.99996000e+00  -8.04920000e-01]
 [  6.68725000e+00  -3.99996000e+00  -8.04920000e-01]
 [  7.86287000e+00  -3.99996000e+00  -2.42288000e+00]
 [  7.86287000e+00  -5.00000000e+00  -2.42288000e+00]
 [  6.09953000e+00  -5.00000000e+00   4.11000000e-03]]

L = [[ 11.91934  -2.37133   0.     ]
 [ 14.74775   0.4572    0.     ]
 [ 16.16199  -0.95708   0.     ]
 [ 14.74771  -2.37139   0.     ]
 [ 16.16189  -3.78559   0.     ]
 [ 14.74777  -5.19985   0.     ]
 [ 11.91934  -2.37133   0.     ]]