K = [[-1.5     -1.13498 -2.22752]
 [-1.5      1.13498  2.22752]
 [-0.5      1.13498  2.22752]
 [-0.5      0.227    0.4455 ]
 [ 0.5      1.13498  2.22752]
 [ 1.5      1.13498  2.22752]
 [ 0.5      0.227    0.4455 ]
 [ 1.5     -1.13498 -2.22752]
 [ 0.5     -1.13498 -2.22752]
 [-0.5     -0.227   -0.4455 ]
 [-0.5     -1.13498 -2.22752]
 [-1.5     -1.13498 -2.22752]]

E = [[  5.66190000e+00  -5.00000000e+00   2.82500000e-02]
 [  5.66190000e+00   1.00000000e-05   2.82500000e-02]
 [  7.89134000e+00   1.00000000e-05  -1.97909000e+00]
 [  7.89134000e+00  -1.00001000e+00  -1.97909000e+00]
 [  6.40504000e+00  -1.00001000e+00  -6.40880000e-01]
 [  6.40504000e+00  -1.99999000e+00  -6.40880000e-01]
 [  7.89134000e+00  -1.99999000e+00  -1.97909000e+00]
 [  7.89134000e+00  -2.99996000e+00  -1.97909000e+00]
 [  6.40504000e+00  -2.99996000e+00  -6.40880000e-01]
 [  6.40504000e+00  -3.99996000e+00  -6.40880000e-01]
 [  7.89134000e+00  -3.99996000e+00  -1.97909000e+00]
 [  7.89134000e+00  -5.00000000e+00  -1.97909000e+00]
 [  5.66190000e+00  -5.00000000e+00   2.82500000e-02]]

L = [[ 16.43894  -3.30868   0.     ]
 [ 12.57521  -4.34395   0.     ]
 [ 12.05758  -2.41208   0.     ]
 [ 13.98942  -1.89445   0.     ]
 [ 13.47181   0.03741   0.     ]
 [ 15.40368   0.55505   0.     ]
 [ 16.43894  -3.30868   0.     ]]