K = [[-1.5  0.   2.5]
 [-1.5 -0.  -2.5]
 [-0.5 -0.  -2.5]
 [-0.5 -0.  -0.5]
 [ 0.5 -0.  -2.5]
 [ 1.5 -0.  -2.5]
 [ 0.5 -0.  -0.5]
 [ 1.5  0.   2.5]
 [ 0.5  0.   2.5]
 [-0.5  0.   0.5]
 [-0.5  0.   2.5]
 [-1.5  0.   2.5]]

E = [[  6.35068000e+00  -5.00000000e+00  -1.00600000e-02]
 [  6.35068000e+00   1.00000000e-05  -1.00600000e-02]
 [  7.85068000e+00   1.00000000e-05  -2.60808000e+00]
 [  7.85068000e+00  -1.00002000e+00  -2.60808000e+00]
 [  6.85062000e+00  -1.00002000e+00  -8.76100000e-01]
 [  6.85062000e+00  -1.99999000e+00  -8.76100000e-01]
 [  7.85068000e+00  -1.99999000e+00  -2.60808000e+00]
 [  7.85068000e+00  -2.99996000e+00  -2.60808000e+00]
 [  6.85062000e+00  -2.99996000e+00  -8.76100000e-01]
 [  6.85062000e+00  -3.99996000e+00  -8.76100000e-01]
 [  7.85068000e+00  -3.99996000e+00  -2.60808000e+00]
 [  7.85068000e+00  -5.00000000e+00  -2.60808000e+00]
 [  6.35068000e+00  -5.00000000e+00  -1.00600000e-02]]

L = [[ 12.02161  -3.06913   0.     ]
 [ 14.02157   0.39507   0.     ]
 [ 15.75364  -0.605     0.     ]
 [ 14.75361  -2.33715   0.     ]
 [ 16.48563  -3.33715   0.     ]
 [ 15.48572  -5.06922   0.     ]
 [ 12.02161  -3.06913   0.     ]]