K = [[-1.5     -0.39109  2.46922]
 [-1.5      0.39109 -2.46922]
 [-0.5      0.39109 -2.46922]
 [-0.5      0.07822 -0.49384]
 [ 0.5      0.39109 -2.46922]
 [ 1.5      0.39109 -2.46922]
 [ 0.5      0.07822 -0.49384]
 [ 1.5     -0.39109  2.46922]
 [ 0.5     -0.39109  2.46922]
 [-0.5     -0.07822  0.49384]
 [-0.5     -0.39109  2.46922]
 [-1.5     -0.39109  2.46922]]

E = [[  6.61983000e+00  -5.00000000e+00  -2.54300000e-02]
 [  6.61983000e+00   1.00000000e-05  -2.54300000e-02]
 [  7.84004000e+00   1.00000000e-05  -2.76602000e+00]
 [  7.84004000e+00  -1.00002000e+00  -2.76602000e+00]
 [  7.02650000e+00  -1.00002000e+00  -9.38980000e-01]
 [  7.02650000e+00  -1.99999000e+00  -9.38980000e-01]
 [  7.84004000e+00  -1.99999000e+00  -2.76602000e+00]
 [  7.84004000e+00  -2.99996000e+00  -2.76602000e+00]
 [  7.02650000e+00  -2.99996000e+00  -9.38980000e-01]
 [  7.02650000e+00  -3.99996000e+00  -9.38980000e-01]
 [  7.84004000e+00  -3.99996000e+00  -2.76602000e+00]
 [  7.84004000e+00  -5.00000000e+00  -2.76602000e+00]
 [  6.61983000e+00  -5.00000000e+00  -2.54300000e-02]]

L = [[ 12.07941  -3.60161   0.     ]
 [ 13.11462   0.26218   0.     ]
 [ 15.04651  -0.25551   0.     ]
 [ 14.52886  -2.18748   0.     ]
 [ 16.46069  -2.70512   0.     ]
 [ 15.94315  -4.63697   0.     ]
 [ 12.07941  -3.60161   0.     ]]