K = [[-1.5     -0.77254  2.37764]
 [-1.5      0.77254 -2.37764]
 [-0.5      0.77254 -2.37764]
 [-0.5      0.15451 -0.47553]
 [ 0.5      0.77254 -2.37764]
 [ 1.5      0.77254 -2.37764]
 [ 0.5      0.15451 -0.47553]
 [ 1.5     -0.77254  2.37764]
 [ 0.5     -0.77254  2.37764]
 [-0.5     -0.15451  0.47553]
 [-0.5     -0.77254  2.37764]
 [-1.5     -0.77254  2.37764]]

E = [[  6.90401000e+00  -5.00000000e+00  -4.18300000e-02]
 [  6.90401000e+00   1.00000000e-05  -4.18300000e-02]
 [  7.83107000e+00   1.00000000e-05  -2.89495000e+00]
 [  7.83107000e+00  -1.00002000e+00  -2.89495000e+00]
 [  7.21296000e+00  -1.00002000e+00  -9.92880000e-01]
 [  7.21296000e+00  -1.99999000e+00  -9.92880000e-01]
 [  7.83107000e+00  -1.99999000e+00  -2.89495000e+00]
 [  7.83107000e+00  -2.99996000e+00  -2.89495000e+00]
 [  7.21296000e+00  -2.99996000e+00  -9.92880000e-01]
 [  7.21296000e+00  -3.99996000e+00  -9.92880000e-01]
 [  7.83107000e+00  -3.99996000e+00  -2.89495000e+00]
 [  7.83107000e+00  -5.00000000e+00  -2.89495000e+00]
 [  6.90401000e+00  -5.00000000e+00  -4.18300000e-02]]

L = [[ 12.36298  -3.86889   0.     ]
 [ 12.3629    0.13119   0.     ]
 [ 14.36294   0.13114   0.     ]
 [ 14.36297  -1.86897   0.     ]
 [ 16.36294  -1.86899   0.     ]
 [ 16.36304  -3.86896   0.     ]
 [ 12.36298  -3.86889   0.     ]]