K = [[-1.5     -1.13498  2.22752]
 [-1.5      1.13498 -2.22752]
 [-0.5      1.13498 -2.22752]
 [-0.5      0.227   -0.4455 ]
 [ 0.5      1.13498 -2.22752]
 [ 1.5      1.13498 -2.22752]
 [ 0.5      0.227   -0.4455 ]
 [ 1.5     -1.13498  2.22752]
 [ 0.5     -1.13498  2.22752]
 [-0.5     -0.227    0.4455 ]
 [-0.5     -1.13498  2.22752]
 [-1.5     -1.13498  2.22752]]

E = [[  7.20011000e+00  -5.00000000e+00  -5.90700000e-02]
 [  7.20011000e+00   1.00000000e-05  -5.90700000e-02]
 [  7.82386000e+00   1.00000000e-05  -2.99348000e+00]
 [  7.82386000e+00  -1.00002000e+00  -2.99348000e+00]
 [  7.40795000e+00  -1.00002000e+00  -1.03720000e+00]
 [  7.40795000e+00  -1.99999000e+00  -1.03720000e+00]
 [  7.82386000e+00  -1.99999000e+00  -2.99348000e+00]
 [  7.82386000e+00  -2.99996000e+00  -2.99348000e+00]
 [  7.40795000e+00  -2.99996000e+00  -1.03720000e+00]
 [  7.40795000e+00  -3.99996000e+00  -1.03720000e+00]
 [  7.82386000e+00  -3.99996000e+00  -2.99348000e+00]
 [  7.82386000e+00  -5.00000000e+00  -2.99348000e+00]
 [  7.20011000e+00  -5.00000000e+00  -5.90700000e-02]]

L = [[ 12.62532  -4.095     0.     ]
 [ 11.58994  -0.23123   0.     ]
 [ 13.52185   0.28637   0.     ]
 [ 14.03954  -1.64559   0.     ]
 [ 15.97137  -1.12797   0.     ]
 [ 16.4891   -3.05978   0.     ]
 [ 12.62532  -4.095     0.     ]]