K = [[-1.5     -1.46946  2.02254]
 [-1.5      1.46946 -2.02254]
 [-0.5      1.46946 -2.02254]
 [-0.5      0.29389 -0.40451]
 [ 0.5      1.46946 -2.02254]
 [ 1.5      1.46946 -2.02254]
 [ 0.5      0.29389 -0.40451]
 [ 1.5     -1.46946  2.02254]
 [ 0.5     -1.46946  2.02254]
 [-0.5     -0.29389  0.40451]
 [-0.5     -1.46946  2.02254]
 [-1.5     -1.46946  2.02254]]

E = [[  7.50489000e+00  -5.00000000e+00  -7.69700000e-02]
 [  7.50489000e+00   1.00000000e-05  -7.69700000e-02]
 [  7.81849000e+00   1.00000000e-05  -3.06050000e+00]
 [  7.81849000e+00  -1.00002000e+00  -3.06050000e+00]
 [  7.60935000e+00  -1.00002000e+00  -1.07146000e+00]
 [  7.60935000e+00  -1.99999000e+00  -1.07146000e+00]
 [  7.81849000e+00  -1.99999000e+00  -3.06050000e+00]
 [  7.81849000e+00  -2.99996000e+00  -3.06050000e+00]
 [  7.60935000e+00  -2.99996000e+00  -1.07146000e+00]
 [  7.60935000e+00  -3.99996000e+00  -1.07146000e+00]
 [  7.81849000e+00  -3.99996000e+00  -3.06050000e+00]
 [  7.81849000e+00  -5.00000000e+00  -3.06050000e+00]
 [  7.50489000e+00  -5.00000000e+00  -7.69700000e-02]]

L = [[ 12.95047  -4.28008   0.     ]
 [ 10.95035  -0.81594   0.     ]
 [ 12.68248   0.18405   0.     ]
 [ 13.68256  -1.54811   0.     ]
 [ 15.41458  -0.54813   0.     ]
 [ 16.41467  -2.2801    0.     ]
 [ 12.95047  -4.28008   0.     ]]