K = [[-1.5     -1.76777  1.76777]
 [-1.5      1.76777 -1.76777]
 [-0.5      1.76777 -1.76777]
 [-0.5      0.35355 -0.35355]
 [ 0.5      1.76777 -1.76777]
 [ 1.5      1.76777 -1.76777]
 [ 0.5      0.35355 -0.35355]
 [ 1.5     -1.76777  1.76777]
 [ 0.5     -1.76777  1.76777]
 [-0.5     -0.35355  0.35355]
 [-0.5     -1.76777  1.76777]
 [-1.5     -1.76777  1.76777]]

E = [[  7.81500000e+00  -5.00000000e+00  -9.53300000e-02]
 [  7.81500000e+00   1.00000000e-05  -9.53300000e-02]
 [  7.81502000e+00   1.00000000e-05  -3.09531000e+00]
 [  7.81502000e+00  -1.00002000e+00  -3.09531000e+00]
 [  7.81495000e+00  -1.00002000e+00  -1.09530000e+00]
 [  7.81495000e+00  -1.99999000e+00  -1.09530000e+00]
 [  7.81502000e+00  -1.99999000e+00  -3.09531000e+00]
 [  7.81502000e+00  -2.99996000e+00  -3.09531000e+00]
 [  7.81495000e+00  -2.99996000e+00  -1.09530000e+00]
 [  7.81495000e+00  -3.99996000e+00  -1.09530000e+00]
 [  7.81502000e+00  -3.99996000e+00  -3.09531000e+00]
 [  7.81502000e+00  -5.00000000e+00  -3.09531000e+00]
 [  7.81500000e+00  -5.00000000e+00  -9.53300000e-02]]

L = [[ 13.46631  -4.17236   0.     ]
 [ 10.63776  -1.34393   0.     ]
 [ 12.05205   0.07029   0.     ]
 [ 13.46638  -1.344     0.     ]
 [ 14.88057   0.07018   0.     ]
 [ 16.29485  -1.34393   0.     ]
 [ 13.46631  -4.17236   0.     ]]