K = [[-1.5     -2.02254  1.46946]
 [-1.5      2.02254 -1.46946]
 [-0.5      2.02254 -1.46946]
 [-0.5      0.40451 -0.29389]
 [ 0.5      2.02254 -1.46946]
 [ 1.5      2.02254 -1.46946]
 [ 0.5      0.40451 -0.29389]
 [ 1.5     -2.02254  1.46946]
 [ 0.5     -2.02254  1.46946]
 [-0.5     -0.40451  0.29389]
 [-0.5     -2.02254  1.46946]
 [-1.5     -2.02254  1.46946]]

E = [[  7.97027000e+00  -5.00000000e+00  -1.13960000e-01]
 [  7.97027000e+00   1.00000000e-05  -1.13960000e-01]
 [  7.65670000e+00   1.00000000e-05  -3.09752000e+00]
 [  7.65670000e+00  -1.00002000e+00  -3.09752000e+00]
 [  7.86569000e+00  -1.00002000e+00  -1.10845000e+00]
 [  7.86569000e+00  -1.99999000e+00  -1.10845000e+00]
 [  7.65670000e+00  -1.99999000e+00  -3.09752000e+00]
 [  7.65670000e+00  -2.99996000e+00  -3.09752000e+00]
 [  7.86569000e+00  -2.99996000e+00  -1.10845000e+00]
 [  7.86569000e+00  -3.99996000e+00  -1.10845000e+00]
 [  7.65670000e+00  -3.99996000e+00  -3.09752000e+00]
 [  7.65670000e+00  -5.00000000e+00  -3.09752000e+00]
 [  7.97027000e+00  -5.00000000e+00  -1.13960000e-01]]

L = [[ 14.14808  -4.11143   0.     ]
 [ 10.68386  -2.11146   0.     ]
 [ 11.68393  -0.37938   0.     ]
 [ 13.41612  -1.37943   0.     ]
 [ 14.41611   0.35259   0.     ]
 [ 16.14819  -0.6473    0.     ]
 [ 14.14808  -4.11143   0.     ]]