K = [[-1.5     -2.22752  1.13498]
 [-1.5      2.22752 -1.13498]
 [-0.5      2.22752 -1.13498]
 [-0.5      0.4455  -0.227  ]
 [ 0.5      2.22752 -1.13498]
 [ 1.5      2.22752 -1.13498]
 [ 0.5      0.4455  -0.227  ]
 [ 1.5     -2.22752  1.13498]
 [ 0.5     -2.22752  1.13498]
 [-0.5     -0.4455   0.227  ]
 [-0.5     -2.22752  1.13498]
 [-1.5     -2.22752  1.13498]]

E = [[  7.98934000e+00  -5.00000000e+00  -1.18310000e-01]
 [  7.98934000e+00   1.00000000e-05  -1.18310000e-01]
 [  7.36561000e+00   1.00000000e-05  -3.05274000e+00]
 [  7.36561000e+00  -1.00002000e+00  -3.05274000e+00]
 [  7.78137000e+00  -1.00002000e+00  -1.09642000e+00]
 [  7.78137000e+00  -1.99999000e+00  -1.09642000e+00]
 [  7.36561000e+00  -1.99999000e+00  -3.05274000e+00]
 [  7.36561000e+00  -2.99996000e+00  -3.05274000e+00]
 [  7.78137000e+00  -2.99996000e+00  -1.09642000e+00]
 [  7.78137000e+00  -3.99996000e+00  -1.09642000e+00]
 [  7.36561000e+00  -3.99996000e+00  -3.05274000e+00]
 [  7.36561000e+00  -5.00000000e+00  -3.05274000e+00]
 [  7.98934000e+00  -5.00000000e+00  -1.18310000e-01]]

L = [[ 15.03238  -4.04043   0.     ]
 [ 11.16856  -3.00522   0.     ]
 [ 11.68626  -1.07332   0.     ]
 [ 13.61824  -1.59097   0.     ]
 [ 14.13589   0.34086   0.     ]
 [ 16.06773  -0.17667   0.     ]
 [ 15.03238  -4.04043   0.     ]]