K = [[-1.5     -2.37764  0.77254]
 [-1.5      2.37764 -0.77254]
 [-0.5      2.37764 -0.77254]
 [-0.5      0.47553 -0.15451]
 [ 0.5      2.37764 -0.77254]
 [ 1.5      2.37764 -0.77254]
 [ 0.5      0.47553 -0.15451]
 [ 1.5     -2.37764  0.77254]
 [ 0.5     -2.37764  0.77254]
 [-0.5     -0.47553  0.15451]
 [-0.5     -2.37764  0.77254]
 [-1.5     -2.37764  0.77254]]

E = [[  7.99165000e+00  -5.00000000e+00  -1.19100000e-01]
 [  7.99165000e+00   1.00000000e-05  -1.19100000e-01]
 [  7.06460000e+00   1.00000000e-05  -2.97225000e+00]
 [  7.06460000e+00  -1.00002000e+00  -2.97225000e+00]
 [  7.68258000e+00  -1.00002000e+00  -1.07011000e+00]
 [  7.68258000e+00  -1.99999000e+00  -1.07011000e+00]
 [  7.06460000e+00  -1.99999000e+00  -2.97225000e+00]
 [  7.06460000e+00  -2.99996000e+00  -2.97225000e+00]
 [  7.68258000e+00  -2.99996000e+00  -1.07011000e+00]
 [  7.68258000e+00  -3.99996000e+00  -1.07011000e+00]
 [  7.06460000e+00  -3.99996000e+00  -2.97225000e+00]
 [  7.06460000e+00  -5.00000000e+00  -2.97225000e+00]
 [  7.99165000e+00  -5.00000000e+00  -1.19100000e-01]]

L = [[ 15.9959   -3.68904   0.     ]
 [ 11.99581  -3.68913   0.     ]
 [ 11.99586  -1.68906   0.     ]
 [ 13.99598  -1.68905   0.     ]
 [ 13.99601   0.31093   0.     ]
 [ 15.99598   0.31104   0.     ]
 [ 15.9959   -3.68904   0.     ]]