K = [[-1.5     -2.46922  0.39109]
 [-1.5      2.46922 -0.39109]
 [-0.5      2.46922 -0.39109]
 [-0.5      0.49384 -0.07822]
 [ 0.5      2.46922 -0.39109]
 [ 1.5      2.46922 -0.39109]
 [ 0.5      0.49384 -0.07822]
 [ 1.5     -2.46922  0.39109]
 [ 0.5     -2.46922  0.39109]
 [-0.5     -0.49384  0.07822]
 [-0.5     -2.46922  0.39109]
 [-1.5     -2.46922  0.39109]]

E = [[  7.99193000e+00  -5.00000000e+00  -1.19220000e-01]
 [  7.99193000e+00   1.00000000e-05  -1.19220000e-01]
 [  6.77173000e+00   1.00000000e-05  -2.85985000e+00]
 [  6.77173000e+00  -1.00002000e+00  -2.85985000e+00]
 [  7.58514000e+00  -1.00002000e+00  -1.03272000e+00]
 [  7.58514000e+00  -1.99999000e+00  -1.03272000e+00]
 [  6.77173000e+00  -1.99999000e+00  -2.85985000e+00]
 [  6.77173000e+00  -2.99996000e+00  -2.85985000e+00]
 [  7.58514000e+00  -2.99996000e+00  -1.03272000e+00]
 [  7.58514000e+00  -3.99996000e+00  -1.03272000e+00]
 [  6.77173000e+00  -3.99996000e+00  -2.85985000e+00]
 [  6.77173000e+00  -5.00000000e+00  -2.85985000e+00]
 [  7.99193000e+00  -5.00000000e+00  -1.19220000e-01]]

L = [[ 16.43892  -3.30874   0.     ]
 [ 12.57515  -4.34412   0.     ]
 [ 12.05753  -2.41219   0.     ]
 [ 13.9895   -1.89451   0.     ]
 [ 13.4719    0.03733   0.     ]
 [ 15.40369   0.55506   0.     ]
 [ 16.43892  -3.30874   0.     ]]