K = [[-1.5     -0.77254 -2.37764]
 [-1.5      0.77254  2.37764]
 [-0.5      0.77254  2.37764]
 [-0.5      0.15451  0.47553]
 [ 0.5      0.77254  2.37764]
 [ 1.5      0.77254  2.37764]
 [ 0.5      0.15451  0.47553]
 [ 1.5     -0.77254 -2.37764]
 [ 0.5     -0.77254 -2.37764]
 [-0.5     -0.15451 -0.47553]
 [-0.5     -0.77254 -2.37764]
 [-1.5     -0.77254 -2.37764]]

E = [[  5.86908000e+00  -5.00000000e+00   1.69300000e-02]
 [  5.86908000e+00   1.00000000e-05   1.69300000e-02]
 [  7.87647000e+00   1.00000000e-05  -2.21246000e+00]
 [  7.87647000e+00  -1.00002000e+00  -2.21246000e+00]
 [  6.53819000e+00  -1.00002000e+00  -7.26230000e-01]
 [  6.53819000e+00  -1.99999000e+00  -7.26230000e-01]
 [  7.87647000e+00  -1.99999000e+00  -2.21246000e+00]
 [  7.87647000e+00  -2.99996000e+00  -2.21246000e+00]
 [  6.53819000e+00  -2.99996000e+00  -7.26230000e-01]
 [  6.53819000e+00  -3.99996000e+00  -7.26230000e-01]
 [  7.87647000e+00  -3.99996000e+00  -2.21246000e+00]
 [  7.87647000e+00  -5.00000000e+00  -2.21246000e+00]
 [  5.86908000e+00  -5.00000000e+00   1.69300000e-02]]

L = [[ 16.46689  -2.99924   0.     ]
 [ 13.00278  -4.99926   0.     ]
 [ 12.00278  -3.26718   0.     ]
 [ 13.73481  -2.26718   0.     ]
 [ 12.73485  -0.53513   0.     ]
 [ 14.46691   0.46488   0.     ]
 [ 16.46689  -2.99924   0.     ]]