K = [[-1.5 -2.5  0. ]
 [-1.5  2.5 -0. ]
 [-0.5  2.5 -0. ]
 [-0.5  0.5 -0. ]
 [ 0.5  2.5 -0. ]
 [ 1.5  2.5 -0. ]
 [ 0.5  0.5 -0. ]
 [ 1.5 -2.5  0. ]
 [ 0.5 -2.5  0. ]
 [-0.5 -0.5  0. ]
 [-0.5 -2.5  0. ]
 [-1.5 -2.5  0. ]]

E = [[  7.99196000e+00  -5.00000000e+00  -1.19250000e-01]
 [  7.99196000e+00   1.00000000e-05  -1.19250000e-01]
 [  6.49197000e+00   1.00000000e-05  -2.71731000e+00]
 [  6.49197000e+00  -1.00002000e+00  -2.71731000e+00]
 [  7.49192000e+00  -1.00002000e+00  -9.85220000e-01]
 [  7.49192000e+00  -1.99999000e+00  -9.85220000e-01]
 [  6.49197000e+00  -1.99999000e+00  -2.71731000e+00]
 [  6.49197000e+00  -2.99996000e+00  -2.71731000e+00]
 [  7.49192000e+00  -2.99996000e+00  -9.85220000e-01]
 [  7.49192000e+00  -3.99996000e+00  -9.85220000e-01]
 [  6.49197000e+00  -3.99996000e+00  -2.71731000e+00]
 [  6.49197000e+00  -5.00000000e+00  -2.71731000e+00]
 [  7.99196000e+00  -5.00000000e+00  -1.19250000e-01]]

L = [[ 16.4669   -2.99931   0.     ]
 [ 13.00276  -4.99944   0.     ]
 [ 12.00276  -3.2673    0.     ]
 [ 13.73491  -2.26723   0.     ]
 [ 12.73495  -0.53518   0.     ]
 [ 14.46692   0.46489   0.     ]
 [ 16.4669   -2.99931   0.     ]]