K = [[-1.5     -2.46922 -0.39109]
 [-1.5      2.46922  0.39109]
 [-0.5      2.46922  0.39109]
 [-0.5      0.49384  0.07822]
 [ 0.5      2.46922  0.39109]
 [ 1.5      2.46922  0.39109]
 [ 0.5      0.49384  0.07822]
 [ 1.5     -2.46922 -0.39109]
 [ 0.5     -2.46922 -0.39109]
 [-0.5     -0.49384 -0.07822]
 [-0.5     -2.46922 -0.39109]
 [-1.5     -2.46922 -0.39109]]

E = [[  7.99196000e+00  -5.00000000e+00  -1.19250000e-01]
 [  7.99196000e+00   1.00000000e-05  -1.19250000e-01]
 [  6.22862000e+00   1.00000000e-05  -2.54628000e+00]
 [  6.22862000e+00  -1.00002000e+00  -2.54628000e+00]
 [  7.40415000e+00  -1.00002000e+00  -9.28200000e-01]
 [  7.40415000e+00  -1.99999000e+00  -9.28200000e-01]
 [  6.22862000e+00  -1.99999000e+00  -2.54628000e+00]
 [  6.22862000e+00  -2.99996000e+00  -2.54628000e+00]
 [  7.40415000e+00  -2.99996000e+00  -9.28200000e-01]
 [  7.40415000e+00  -3.99996000e+00  -9.28200000e-01]
 [  6.22862000e+00  -3.99996000e+00  -2.54628000e+00]
 [  6.22862000e+00  -5.00000000e+00  -2.54628000e+00]
 [  7.99196000e+00  -5.00000000e+00  -1.19250000e-01]]

L = [[ 16.42148  -2.49846   0.     ]
 [ 13.59306  -5.32703   0.     ]
 [ 12.17883  -3.91273   0.     ]
 [ 13.59312  -2.49842   0.     ]
 [ 12.17895  -1.08421   0.     ]
 [ 13.59305   0.33006   0.     ]
 [ 16.42148  -2.49846   0.     ]]