K = [[-1.5     -2.37764 -0.77254]
 [-1.5      2.37764  0.77254]
 [-0.5      2.37764  0.77254]
 [-0.5      0.47553  0.15451]
 [ 0.5      2.37764  0.77254]
 [ 1.5      2.37764  0.77254]
 [ 0.5      0.47553  0.15451]
 [ 1.5     -2.37764 -0.77254]
 [ 0.5     -2.37764 -0.77254]
 [-0.5     -0.47553 -0.15451]
 [-0.5     -2.37764 -0.77254]
 [-1.5     -2.37764 -0.77254]]

E = [[  7.99196000e+00  -5.00000000e+00  -1.19250000e-01]
 [  7.99196000e+00   1.00000000e-05  -1.19250000e-01]
 [  5.98459000e+00   1.00000000e-05  -2.34866000e+00]
 [  5.98459000e+00  -1.00002000e+00  -2.34866000e+00]
 [  7.32282000e+00  -1.00002000e+00  -8.62320000e-01]
 [  7.32282000e+00  -1.99999000e+00  -8.62320000e-01]
 [  5.98459000e+00  -1.99999000e+00  -2.34866000e+00]
 [  5.98459000e+00  -2.99996000e+00  -2.34866000e+00]
 [  7.32282000e+00  -2.99996000e+00  -8.62320000e-01]
 [  7.32282000e+00  -3.99996000e+00  -8.62320000e-01]
 [  5.98459000e+00  -3.99996000e+00  -2.34866000e+00]
 [  5.98459000e+00  -5.00000000e+00  -2.34866000e+00]
 [  7.99196000e+00  -5.00000000e+00  -1.19250000e-01]]

L = [[ 16.3381   -1.79499   0.     ]
 [ 14.33815  -5.25923   0.     ]
 [ 12.60605  -4.25915   0.     ]
 [ 13.6061   -2.52698   0.     ]
 [ 11.8741   -1.52697   0.     ]
 [ 12.87397   0.2051    0.     ]
 [ 16.3381   -1.79499   0.     ]]