K = [[-1.5     -2.22752 -1.13498]
 [-1.5      2.22752  1.13498]
 [-0.5      2.22752  1.13498]
 [-0.5      0.4455   0.227  ]
 [ 0.5      2.22752  1.13498]
 [ 1.5      2.22752  1.13498]
 [ 0.5      0.4455   0.227  ]
 [ 1.5     -2.22752 -1.13498]
 [ 0.5     -2.22752 -1.13498]
 [-0.5     -0.4455  -0.227  ]
 [-0.5     -2.22752 -1.13498]
 [-1.5     -2.22752 -1.13498]]

E = [[  7.99196000e+00  -5.00000000e+00  -1.19250000e-01]
 [  7.99196000e+00   1.00000000e-05  -1.19250000e-01]
 [  5.76255000e+00   1.00000000e-05  -2.12663000e+00]
 [  5.76255000e+00  -1.00002000e+00  -2.12663000e+00]
 [  7.24882000e+00  -1.00002000e+00  -7.88300000e-01]
 [  7.24882000e+00  -1.99999000e+00  -7.88300000e-01]
 [  5.76255000e+00  -1.99999000e+00  -2.12663000e+00]
 [  5.76255000e+00  -2.99996000e+00  -2.12663000e+00]
 [  7.24882000e+00  -2.99996000e+00  -7.88300000e-01]
 [  7.24882000e+00  -3.99996000e+00  -7.88300000e-01]
 [  5.76255000e+00  -3.99996000e+00  -2.12663000e+00]
 [  5.76255000e+00  -5.00000000e+00  -2.12663000e+00]
 [  7.99196000e+00  -5.00000000e+00  -1.19250000e-01]]

L = [[ 16.22487  -0.9303    0.     ]
 [ 15.18968  -4.79414   0.     ]
 [ 13.25776  -4.27643   0.     ]
 [ 13.77541  -2.34445   0.     ]
 [ 11.8436   -1.8268    0.     ]
 [ 12.36112   0.10505   0.     ]
 [ 16.22487  -0.9303    0.     ]]