K = [[-1.5     -2.02254 -1.46946]
 [-1.5      2.02254  1.46946]
 [-0.5      2.02254  1.46946]
 [-0.5      0.40451  0.29389]
 [ 0.5      2.02254  1.46946]
 [ 1.5      2.02254  1.46946]
 [ 0.5      0.40451  0.29389]
 [ 1.5     -2.02254 -1.46946]
 [ 0.5     -2.02254 -1.46946]
 [-0.5     -0.40451 -0.29389]
 [-0.5     -2.02254 -1.46946]
 [-1.5     -2.02254 -1.46946]]

E = [[  7.99196000e+00  -5.00000000e+00  -1.19250000e-01]
 [  7.99196000e+00   1.00000000e-05  -1.19250000e-01]
 [  5.56494000e+00   1.00000000e-05  -1.88259000e+00]
 [  5.56494000e+00  -1.00002000e+00  -1.88259000e+00]
 [  7.18296000e+00  -1.00002000e+00  -7.06950000e-01]
 [  7.18296000e+00  -1.99999000e+00  -7.06950000e-01]
 [  5.56494000e+00  -1.99999000e+00  -1.88259000e+00]
 [  5.56494000e+00  -2.99996000e+00  -1.88259000e+00]
 [  7.18296000e+00  -2.99996000e+00  -7.06950000e-01]
 [  7.18296000e+00  -3.99996000e+00  -7.06950000e-01]
 [  5.56494000e+00  -3.99996000e+00  -1.88259000e+00]
 [  5.56494000e+00  -5.00000000e+00  -1.88259000e+00]
 [  7.99196000e+00  -5.00000000e+00  -1.19250000e-01]]

L = [[ 16.08953   0.03751   0.     ]
 [ 16.08964  -3.96259   0.     ]
 [ 14.08956  -3.96254   0.     ]
 [ 14.08956  -1.96241   0.     ]
 [ 12.08959  -1.96238   0.     ]
 [ 12.08947   0.03759   0.     ]
 [ 16.08953   0.03751   0.     ]]