K = [[-1.5     -1.76777 -1.76777]
 [-1.5      1.76777  1.76777]
 [-0.5      1.76777  1.76777]
 [-0.5      0.35355  0.35355]
 [ 0.5      1.76777  1.76777]
 [ 1.5      1.76777  1.76777]
 [ 0.5      0.35355  0.35355]
 [ 1.5     -1.76777 -1.76777]
 [ 0.5     -1.76777 -1.76777]
 [-0.5     -0.35355 -0.35355]
 [-0.5     -1.76777 -1.76777]
 [-1.5     -1.76777 -1.76777]]

E = [[  7.99196000e+00  -5.00000000e+00  -1.19250000e-01]
 [  7.99196000e+00   1.00000000e-05  -1.19250000e-01]
 [  5.39392000e+00   1.00000000e-05  -1.61923000e+00]
 [  5.39392000e+00  -1.00002000e+00  -1.61923000e+00]
 [  7.12596000e+00  -1.00002000e+00  -6.19160000e-01]
 [  7.12596000e+00  -1.99999000e+00  -6.19160000e-01]
 [  5.39392000e+00  -1.99999000e+00  -1.61923000e+00]
 [  5.39392000e+00  -2.99996000e+00  -1.61923000e+00]
 [  7.12596000e+00  -2.99996000e+00  -6.19160000e-01]
 [  7.12596000e+00  -3.99996000e+00  -6.19160000e-01]
 [  5.39392000e+00  -3.99996000e+00  -1.61923000e+00]
 [  5.39392000e+00  -5.00000000e+00  -1.61923000e+00]
 [  7.99196000e+00  -5.00000000e+00  -1.19250000e-01]]

L = [[ 15.42371   0.52503   0.     ]
 [ 16.45912  -3.33875   0.     ]
 [ 14.52718  -3.85636   0.     ]
 [ 14.00951  -1.92438   0.     ]
 [ 12.07768  -2.44198   0.     ]
 [ 11.55993  -0.51019   0.     ]
 [ 15.42371   0.52503   0.     ]]