K = [[-1.5     -1.46946 -2.02254]
 [-1.5      1.46946  2.02254]
 [-0.5      1.46946  2.02254]
 [-0.5      0.29389  0.40451]
 [ 0.5      1.46946  2.02254]
 [ 1.5      1.46946  2.02254]
 [ 0.5      0.29389  0.40451]
 [ 1.5     -1.46946 -2.02254]
 [ 0.5     -1.46946 -2.02254]
 [-0.5     -0.29389 -0.40451]
 [-0.5     -1.46946 -2.02254]
 [-1.5     -1.46946 -2.02254]]

E = [[  7.99196000e+00  -5.00000000e+00  -1.19250000e-01]
 [  7.99196000e+00   1.00000000e-05  -1.19250000e-01]
 [  5.25137000e+00   1.00000000e-05  -1.33944000e+00]
 [  5.25137000e+00  -1.00002000e+00  -1.33944000e+00]
 [  7.07845000e+00  -1.00002000e+00  -5.25910000e-01]
 [  7.07845000e+00  -1.99999000e+00  -5.25910000e-01]
 [  5.25137000e+00  -1.99999000e+00  -1.33944000e+00]
 [  5.25137000e+00  -2.99996000e+00  -1.33944000e+00]
 [  7.07845000e+00  -2.99996000e+00  -5.25910000e-01]
 [  7.07845000e+00  -3.99996000e+00  -5.25910000e-01]
 [  5.25137000e+00  -3.99996000e+00  -1.33944000e+00]
 [  5.25137000e+00  -5.00000000e+00  -1.33944000e+00]
 [  7.99196000e+00  -5.00000000e+00  -1.19250000e-01]]

L = [[ 14.47016   0.46189   0.     ]
 [ 16.47031  -3.00225   0.     ]
 [ 14.73817  -4.00225   0.     ]
 [ 13.7381   -2.27007   0.     ]
 [ 12.00606  -3.27003   0.     ]
 [ 11.00597  -1.53807   0.     ]
 [ 14.47016   0.46189   0.     ]]