K = [[-1.5     -1.13498 -2.22752]
 [-1.5      1.13498  2.22752]
 [-0.5      1.13498  2.22752]
 [-0.5      0.227    0.4455 ]
 [ 0.5      1.13498  2.22752]
 [ 1.5      1.13498  2.22752]
 [ 0.5      0.227    0.4455 ]
 [ 1.5     -1.13498 -2.22752]
 [ 0.5     -1.13498 -2.22752]
 [-0.5     -0.227   -0.4455 ]
 [-0.5     -1.13498 -2.22752]
 [-1.5     -1.13498 -2.22752]]

E = [[  7.99196000e+00  -5.00000000e+00  -1.19250000e-01]
 [  7.99196000e+00   1.00000000e-05  -1.19250000e-01]
 [  5.13884000e+00   1.00000000e-05  -1.04628000e+00]
 [  5.13884000e+00  -1.00002000e+00  -1.04628000e+00]
 [  7.04095000e+00  -1.00002000e+00  -4.28200000e-01]
 [  7.04095000e+00  -1.99999000e+00  -4.28200000e-01]
 [  5.13884000e+00  -1.99999000e+00  -1.04628000e+00]
 [  5.13884000e+00  -2.99996000e+00  -1.04628000e+00]
 [  7.04095000e+00  -2.99996000e+00  -4.28200000e-01]
 [  7.04095000e+00  -3.99996000e+00  -4.28200000e-01]
 [  5.13884000e+00  -3.99996000e+00  -1.04628000e+00]
 [  5.13884000e+00  -5.00000000e+00  -1.04628000e+00]
 [  7.99196000e+00  -5.00000000e+00  -1.19250000e-01]]

L = [[ 13.5934    0.32978   0.     ]
 [ 16.42199  -2.49865   0.     ]
 [ 15.00768  -3.91289   0.     ]
 [ 13.59337  -2.49857   0.     ]
 [ 12.17915  -3.91274   0.     ]
 [ 10.76488  -2.49864   0.     ]
 [ 13.5934    0.32978   0.     ]]