K = [[-1.5     -0.77254 -2.37764]
 [-1.5      0.77254  2.37764]
 [-0.5      0.77254  2.37764]
 [-0.5      0.15451  0.47553]
 [ 0.5      0.77254  2.37764]
 [ 1.5      0.77254  2.37764]
 [ 0.5      0.15451  0.47553]
 [ 1.5     -0.77254 -2.37764]
 [ 0.5     -0.77254 -2.37764]
 [-0.5     -0.15451 -0.47553]
 [-0.5     -0.77254 -2.37764]
 [-1.5     -0.77254 -2.37764]]

E = [[  7.99196000e+00  -5.00000000e+00  -1.19250000e-01]
 [  7.99196000e+00   1.00000000e-05  -1.19250000e-01]
 [  5.05757000e+00   1.00000000e-05  -7.42980000e-01]
 [  5.05757000e+00  -1.00002000e+00  -7.42980000e-01]
 [  7.01387000e+00  -1.00002000e+00  -3.27110000e-01]
 [  7.01387000e+00  -1.99999000e+00  -3.27110000e-01]
 [  5.05757000e+00  -1.99999000e+00  -7.42980000e-01]
 [  5.05757000e+00  -2.99996000e+00  -7.42980000e-01]
 [  7.01387000e+00  -2.99996000e+00  -3.27110000e-01]
 [  7.01387000e+00  -3.99996000e+00  -3.27110000e-01]
 [  5.05757000e+00  -3.99996000e+00  -7.42980000e-01]
 [  5.05757000e+00  -5.00000000e+00  -7.42980000e-01]
 [  7.99196000e+00  -5.00000000e+00  -1.19250000e-01]]

L = [[ 12.8739    0.20506   0.     ]
 [ 16.33816  -1.7949    0.     ]
 [ 15.33807  -3.527     0.     ]
 [ 13.6059   -2.52693   0.     ]
 [ 12.60588  -4.25893   0.     ]
 [ 10.8738   -3.25907   0.     ]
 [ 12.8739    0.20506   0.     ]]