K = [[-1.5     -0.39109 -2.46922]
 [-1.5      0.39109  2.46922]
 [-0.5      0.39109  2.46922]
 [-0.5      0.07822  0.49384]
 [ 0.5      0.39109  2.46922]
 [ 1.5      0.39109  2.46922]
 [ 0.5      0.07822  0.49384]
 [ 1.5     -0.39109 -2.46922]
 [ 0.5     -0.39109 -2.46922]
 [-0.5     -0.07822 -0.49384]
 [-0.5     -0.39109 -2.46922]
 [-1.5     -0.39109 -2.46922]]

E = [[  7.99196000e+00  -5.00000000e+00  -1.19250000e-01]
 [  7.99196000e+00   1.00000000e-05  -1.19250000e-01]
 [  5.00845000e+00   1.00000000e-05  -4.32830000e-01]
 [  5.00845000e+00  -1.00002000e+00  -4.32830000e-01]
 [  6.99750000e+00  -1.00002000e+00  -2.23740000e-01]
 [  6.99750000e+00  -1.99999000e+00  -2.23740000e-01]
 [  5.00845000e+00  -1.99999000e+00  -4.32830000e-01]
 [  5.00845000e+00  -2.99996000e+00  -4.32830000e-01]
 [  6.99750000e+00  -2.99996000e+00  -2.23740000e-01]
 [  6.99750000e+00  -3.99996000e+00  -2.23740000e-01]
 [  5.00845000e+00  -3.99996000e+00  -4.32830000e-01]
 [  5.00845000e+00  -5.00000000e+00  -4.32830000e-01]
 [  7.99196000e+00  -5.00000000e+00  -1.19250000e-01]]

L = [[ 12.36102   0.10503   0.     ]
 [ 16.22486  -0.93016   0.     ]
 [ 15.70715  -2.86208   0.     ]
 [ 13.77516  -2.34441   0.     ]
 [ 13.2575   -4.27623   0.     ]
 [ 11.32565  -3.75873   0.     ]
 [ 12.36102   0.10503   0.     ]]