K = [[-1.5     -0.39109 -2.46922]
 [-1.5      0.39109  2.46922]
 [-0.5      0.39109  2.46922]
 [-0.5      0.07822  0.49384]
 [ 0.5      0.39109  2.46922]
 [ 1.5      0.39109  2.46922]
 [ 0.5      0.07822  0.49384]
 [ 1.5     -0.39109 -2.46922]
 [ 0.5     -0.39109 -2.46922]
 [-0.5     -0.07822 -0.49384]
 [-0.5     -0.39109 -2.46922]
 [-1.5     -0.39109 -2.46922]]

E = [[  6.09951000e+00  -5.00000000e+00   4.11000000e-03]
 [  6.09951000e+00   1.00000000e-05   4.11000000e-03]
 [  7.86287000e+00   1.00000000e-05  -2.42292000e+00]
 [  7.86287000e+00  -1.00002000e+00  -2.42292000e+00]
 [  6.68727000e+00  -1.00002000e+00  -8.04940000e-01]
 [  6.68727000e+00  -1.99999000e+00  -8.04940000e-01]
 [  7.86287000e+00  -1.99999000e+00  -2.42292000e+00]
 [  7.86287000e+00  -2.99996000e+00  -2.42292000e+00]
 [  6.68727000e+00  -2.99996000e+00  -8.04940000e-01]
 [  6.68727000e+00  -3.99996000e+00  -8.04940000e-01]
 [  7.86287000e+00  -3.99996000e+00  -2.42292000e+00]
 [  7.86287000e+00  -5.00000000e+00  -2.42292000e+00]
 [  6.09951000e+00  -5.00000000e+00   4.11000000e-03]]

L = [[ 16.42147  -2.4984    0.     ]
 [ 13.59304  -5.32684   0.     ]
 [ 12.17882  -3.9126    0.     ]
 [ 13.59302  -2.49839   0.     ]
 [ 12.17885  -1.08417   0.     ]
 [ 13.59307   0.33006   0.     ]
 [ 16.42147  -2.4984    0.     ]]