K = [[-1.5 -0.  -2.5]
 [-1.5  0.   2.5]
 [-0.5  0.   2.5]
 [-0.5  0.   0.5]
 [ 0.5  0.   2.5]
 [ 1.5  0.   2.5]
 [ 0.5  0.   0.5]
 [ 1.5 -0.  -2.5]
 [ 0.5 -0.  -2.5]
 [-0.5 -0.  -0.5]
 [-0.5 -0.  -2.5]
 [-1.5 -0.  -2.5]]

E = [[  7.99196000e+00  -5.00000000e+00  -1.19260000e-01]
 [  7.99196000e+00   1.00000000e-05  -1.19260000e-01]
 [  4.99202000e+00   1.00000000e-05  -1.19270000e-01]
 [  4.99202000e+00  -1.00002000e+00  -1.19270000e-01]
 [  6.99203000e+00  -1.00002000e+00  -1.19240000e-01]
 [  6.99203000e+00  -1.99999000e+00  -1.19240000e-01]
 [  4.99202000e+00  -1.99999000e+00  -1.19270000e-01]
 [  4.99202000e+00  -2.99996000e+00  -1.19270000e-01]
 [  6.99203000e+00  -2.99996000e+00  -1.19240000e-01]
 [  6.99203000e+00  -3.99996000e+00  -1.19240000e-01]
 [  4.99202000e+00  -3.99996000e+00  -1.19270000e-01]
 [  4.99202000e+00  -5.00000000e+00  -1.19270000e-01]
 [  7.99196000e+00  -5.00000000e+00  -1.19260000e-01]]

L = [[ 12.08946   0.03752   0.     ]
 [ 16.08956   0.03764   0.     ]
 [ 16.08951  -1.96245   0.     ]
 [ 14.08937  -1.96245   0.     ]
 [ 14.08934  -3.96242   0.     ]
 [ 12.08939  -3.96256   0.     ]
 [ 12.08946   0.03752   0.     ]]