K = [[-1.5      0.39109 -2.46922]
 [-1.5     -0.39109  2.46922]
 [-0.5     -0.39109  2.46922]
 [-0.5     -0.07822  0.49384]
 [ 0.5     -0.39109  2.46922]
 [ 1.5     -0.39109  2.46922]
 [ 0.5     -0.07822  0.49384]
 [ 1.5      0.39109 -2.46922]
 [ 0.5      0.39109 -2.46922]
 [-0.5      0.07822 -0.49384]
 [-0.5      0.39109 -2.46922]
 [-1.5      0.39109 -2.46922]]

E = [[  7.99196000e+00  -5.00000000e+00  -2.76040000e-01]
 [  7.99196000e+00   1.00000000e-05  -2.76040000e-01]
 [  5.00846000e+00   1.00000000e-05   3.75300000e-02]
 [  5.00846000e+00  -1.00002000e+00   3.75300000e-02]
 [  6.99751000e+00  -1.00002000e+00  -1.71500000e-01]
 [  6.99751000e+00  -1.99999000e+00  -1.71500000e-01]
 [  5.00846000e+00  -1.99999000e+00   3.75300000e-02]
 [  5.00846000e+00  -2.99996000e+00   3.75300000e-02]
 [  6.99751000e+00  -2.99996000e+00  -1.71500000e-01]
 [  6.99751000e+00  -3.99996000e+00  -1.71500000e-01]
 [  5.00846000e+00  -3.99996000e+00   3.75300000e-02]
 [  5.00846000e+00  -5.00000000e+00   3.75300000e-02]
 [  7.99196000e+00  -5.00000000e+00  -2.76040000e-01]]

L = [[ 11.81887  -0.51034   0.     ]
 [ 15.68264   0.52508   0.     ]
 [ 16.20025  -1.40687   0.     ]
 [ 14.26827  -1.92455   0.     ]
 [ 14.78587  -3.85638   0.     ]
 [ 12.8541   -4.37414   0.     ]
 [ 11.81887  -0.51034   0.     ]]