K = [[-1.5      0.77254 -2.37764]
 [-1.5     -0.77254  2.37764]
 [-0.5     -0.77254  2.37764]
 [-0.5     -0.15451  0.47553]
 [ 0.5     -0.77254  2.37764]
 [ 1.5     -0.77254  2.37764]
 [ 0.5     -0.15451  0.47553]
 [ 1.5      0.77254 -2.37764]
 [ 0.5      0.77254 -2.37764]
 [-0.5      0.15451 -0.47553]
 [-0.5      0.77254 -2.37764]
 [-1.5      0.77254 -2.37764]]

E = [[  7.97762000e+00  -5.00000000e+00  -5.67530000e-01]
 [  7.97762000e+00   1.00000000e-05  -5.67530000e-01]
 [  5.04324000e+00   1.00000000e-05   5.61700000e-02]
 [  5.04324000e+00  -1.00002000e+00   5.61700000e-02]
 [  6.99955000e+00  -1.00002000e+00  -3.59630000e-01]
 [  6.99955000e+00  -1.99999000e+00  -3.59630000e-01]
 [  5.04324000e+00  -1.99999000e+00   5.61700000e-02]
 [  5.04324000e+00  -2.99996000e+00   5.61700000e-02]
 [  6.99955000e+00  -2.99996000e+00  -3.59630000e-01]
 [  6.99955000e+00  -3.99996000e+00  -3.59630000e-01]
 [  5.04324000e+00  -3.99996000e+00   5.61700000e-02]
 [  5.04324000e+00  -5.00000000e+00   5.61700000e-02]
 [  7.97762000e+00  -5.00000000e+00  -5.67530000e-01]]

L = [[ 11.72492  -1.47962   0.     ]
 [ 15.18905   0.52053   0.     ]
 [ 16.18906  -1.21162   0.     ]
 [ 14.45689  -2.2117    0.     ]
 [ 15.45683  -3.94374   0.     ]
 [ 13.72491  -4.94383   0.     ]
 [ 11.72492  -1.47962   0.     ]]