K = [[-1.5      1.13498 -2.22752]
 [-1.5     -1.13498  2.22752]
 [-0.5     -1.13498  2.22752]
 [-0.5     -0.227    0.4455 ]
 [ 0.5     -1.13498  2.22752]
 [ 1.5     -1.13498  2.22752]
 [ 0.5     -0.227    0.4455 ]
 [ 1.5      1.13498 -2.22752]
 [ 0.5      1.13498 -2.22752]
 [-0.5      0.227   -0.4455 ]
 [-0.5      1.13498 -2.22752]
 [-1.5      1.13498 -2.22752]]

E = [[  7.95987000e+00  -5.00000000e+00  -8.70900000e-01]
 [  7.95987000e+00   1.00000000e-05  -8.70900000e-01]
 [  5.10676000e+00   1.00000000e-05   5.61100000e-02]
 [  5.10676000e+00  -1.00002000e+00   5.61100000e-02]
 [  7.00890000e+00  -1.00002000e+00  -5.61900000e-01]
 [  7.00890000e+00  -1.99999000e+00  -5.61900000e-01]
 [  5.10676000e+00  -1.99999000e+00   5.61100000e-02]
 [  5.10676000e+00  -2.99996000e+00   5.61100000e-02]
 [  7.00890000e+00  -2.99996000e+00  -5.61900000e-01]
 [  7.00890000e+00  -3.99996000e+00  -5.61900000e-01]
 [  5.10676000e+00  -3.99996000e+00   5.61100000e-02]
 [  5.10676000e+00  -5.00000000e+00   5.61100000e-02]
 [  7.95987000e+00  -5.00000000e+00  -8.70900000e-01]]

L = [[ 11.91932  -2.37138   0.     ]
 [ 14.74774   0.4572    0.     ]
 [ 16.162    -0.95712   0.     ]
 [ 14.74768  -2.37144   0.     ]
 [ 16.16184  -3.78567   0.     ]
 [ 14.74777  -5.19994   0.     ]
 [ 11.91932  -2.37138   0.     ]]