K = [[-1.5      1.46946 -2.02254]
 [-1.5     -1.46946  2.02254]
 [-0.5     -1.46946  2.02254]
 [-0.5     -0.29389  0.40451]
 [ 0.5     -1.46946  2.02254]
 [ 1.5     -1.46946  2.02254]
 [ 0.5     -0.29389  0.40451]
 [ 1.5      1.46946 -2.02254]
 [ 0.5      1.46946 -2.02254]
 [-0.5      0.29389 -0.40451]
 [-0.5      1.46946 -2.02254]
 [-1.5      1.46946 -2.02254]]

E = [[  7.94181000e+00  -5.00000000e+00  -1.16808000e+00]
 [  7.94181000e+00   1.00000000e-05  -1.16808000e+00]
 [  5.20125000e+00   1.00000000e-05   5.20900000e-02]
 [  5.20125000e+00  -1.00002000e+00   5.20900000e-02]
 [  7.02836000e+00  -1.00002000e+00  -7.61370000e-01]
 [  7.02836000e+00  -1.99999000e+00  -7.61370000e-01]
 [  5.20125000e+00  -1.99999000e+00   5.20900000e-02]
 [  5.20125000e+00  -2.99996000e+00   5.20900000e-02]
 [  7.02836000e+00  -2.99996000e+00  -7.61370000e-01]
 [  7.02836000e+00  -3.99996000e+00  -7.61370000e-01]
 [  5.20125000e+00  -3.99996000e+00   5.20900000e-02]
 [  5.20125000e+00  -5.00000000e+00   5.20900000e-02]
 [  7.94181000e+00  -5.00000000e+00  -1.16808000e+00]]

L = [[ 12.02161  -3.06918   0.     ]
 [ 14.02156   0.39506   0.     ]
 [ 15.75368  -0.60503   0.     ]
 [ 14.75361  -2.33721   0.     ]
 [ 16.48561  -3.33724   0.     ]
 [ 15.48576  -5.06931   0.     ]
 [ 12.02161  -3.06918   0.     ]]