K = [[-1.5      1.76777 -1.76777]
 [-1.5     -1.76777  1.76777]
 [-0.5     -1.76777  1.76777]
 [-0.5     -0.35355  0.35355]
 [ 0.5     -1.76777  1.76777]
 [ 1.5     -1.76777  1.76777]
 [ 0.5     -0.35355  0.35355]
 [ 1.5      1.76777 -1.76777]
 [ 0.5      1.76777 -1.76777]
 [-0.5      0.35355 -0.35355]
 [-0.5      1.76777 -1.76777]
 [-1.5      1.76777 -1.76777]]

E = [[  7.92420000e+00  -5.00000000e+00  -1.45401000e+00]
 [  7.92420000e+00   1.00000000e-05  -1.45401000e+00]
 [  5.32619000e+00   1.00000000e-05   4.59400000e-02]
 [  5.32619000e+00  -1.00002000e+00   4.59400000e-02]
 [  7.05826000e+00  -1.00002000e+00  -9.54040000e-01]
 [  7.05826000e+00  -1.99999000e+00  -9.54040000e-01]
 [  5.32619000e+00  -1.99999000e+00   4.59400000e-02]
 [  5.32619000e+00  -2.99996000e+00   4.59400000e-02]
 [  7.05826000e+00  -2.99996000e+00  -9.54040000e-01]
 [  7.05826000e+00  -3.99996000e+00  -9.54040000e-01]
 [  5.32619000e+00  -3.99996000e+00   4.59400000e-02]
 [  5.32619000e+00  -5.00000000e+00   4.59400000e-02]
 [  7.92420000e+00  -5.00000000e+00  -1.45401000e+00]]

L = [[ 12.07942  -3.60164   0.     ]
 [ 13.1146    0.26218   0.     ]
 [ 15.04655  -0.25554   0.     ]
 [ 14.52887  -2.18753   0.     ]
 [ 16.4607   -2.70521   0.     ]
 [ 15.9432   -4.63704   0.     ]
 [ 12.07942  -3.60164   0.     ]]