K = [[-1.5      2.02254 -1.46946]
 [-1.5     -2.02254  1.46946]
 [-0.5     -2.02254  1.46946]
 [-0.5     -0.40451  0.29389]
 [ 0.5     -2.02254  1.46946]
 [ 1.5     -2.02254  1.46946]
 [ 0.5     -0.40451  0.29389]
 [ 1.5      2.02254 -1.46946]
 [ 0.5      2.02254 -1.46946]
 [-0.5      0.40451 -0.29389]
 [-0.5      2.02254 -1.46946]
 [-1.5      2.02254 -1.46946]]

E = [[  7.90731000e+00  -5.00000000e+00  -1.72534000e+00]
 [  7.90731000e+00   1.00000000e-05  -1.72534000e+00]
 [  5.48032000e+00   1.00000000e-05   3.79600000e-02]
 [  5.48032000e+00  -1.00002000e+00   3.79600000e-02]
 [  7.09837000e+00  -1.00002000e+00  -1.13760000e+00]
 [  7.09837000e+00  -1.99999000e+00  -1.13760000e+00]
 [  5.48032000e+00  -1.99999000e+00   3.79600000e-02]
 [  5.48032000e+00  -2.99996000e+00   3.79600000e-02]
 [  7.09837000e+00  -2.99996000e+00  -1.13760000e+00]
 [  7.09837000e+00  -3.99996000e+00  -1.13760000e+00]
 [  5.48032000e+00  -3.99996000e+00   3.79600000e-02]
 [  5.48032000e+00  -5.00000000e+00   3.79600000e-02]
 [  7.90731000e+00  -5.00000000e+00  -1.72534000e+00]]

L = [[ 12.36296  -3.86891   0.     ]
 [ 12.36283   0.13118   0.     ]
 [ 14.36295   0.13113   0.     ]
 [ 14.36295  -1.86902   0.     ]
 [ 16.36293  -1.86907   0.     ]
 [ 16.36307  -3.86901   0.     ]
 [ 12.36296  -3.86891   0.     ]]