K = [[-1.5      2.22752 -1.13498]
 [-1.5     -2.22752  1.13498]
 [-0.5     -2.22752  1.13498]
 [-0.5     -0.4455   0.227  ]
 [ 0.5     -2.22752  1.13498]
 [ 1.5     -2.22752  1.13498]
 [ 0.5     -0.4455   0.227  ]
 [ 1.5      2.22752 -1.13498]
 [ 0.5      2.22752 -1.13498]
 [-0.5      0.4455  -0.227  ]
 [-0.5      2.22752 -1.13498]
 [-1.5      2.22752 -1.13498]]

E = [[  7.89134000e+00  -5.00000000e+00  -1.97908000e+00]
 [  7.89134000e+00   1.00000000e-05  -1.97908000e+00]
 [  5.66195000e+00   1.00000000e-05   2.82500000e-02]
 [  5.66195000e+00  -1.00002000e+00   2.82500000e-02]
 [  7.14827000e+00  -1.00002000e+00  -1.31001000e+00]
 [  7.14827000e+00  -1.99999000e+00  -1.31001000e+00]
 [  5.66195000e+00  -1.99999000e+00   2.82500000e-02]
 [  5.66195000e+00  -2.99996000e+00   2.82500000e-02]
 [  7.14827000e+00  -2.99996000e+00  -1.31001000e+00]
 [  7.14827000e+00  -3.99996000e+00  -1.31001000e+00]
 [  5.66195000e+00  -3.99996000e+00   2.82500000e-02]
 [  5.66195000e+00  -5.00000000e+00   2.82500000e-02]
 [  7.89134000e+00  -5.00000000e+00  -1.97908000e+00]]

L = [[ 12.62526  -4.09502   0.     ]
 [ 11.58985  -0.23126   0.     ]
 [ 13.52182   0.28637   0.     ]
 [ 14.03949  -1.64563   0.     ]
 [ 15.97134  -1.12805   0.     ]
 [ 16.48911  -3.05981   0.     ]
 [ 12.62526  -4.09502   0.     ]]