K = [[-1.5      2.37764 -0.77254]
 [-1.5     -2.37764  0.77254]
 [-0.5     -2.37764  0.77254]
 [-0.5     -0.47553  0.15451]
 [ 0.5     -2.37764  0.77254]
 [ 1.5     -2.37764  0.77254]
 [ 0.5     -0.47553  0.15451]
 [ 1.5      2.37764 -0.77254]
 [ 0.5      2.37764 -0.77254]
 [-0.5      0.47553 -0.15451]
 [-0.5      2.37764 -0.77254]
 [-1.5      2.37764 -0.77254]]

E = [[  7.87647000e+00  -5.00000000e+00  -2.21245000e+00]
 [  7.87647000e+00   1.00000000e-05  -2.21245000e+00]
 [  5.86913000e+00   1.00000000e-05   1.69200000e-02]
 [  5.86913000e+00  -1.00002000e+00   1.69200000e-02]
 [  7.20741000e+00  -1.00002000e+00  -1.46938000e+00]
 [  7.20741000e+00  -1.99999000e+00  -1.46938000e+00]
 [  5.86913000e+00  -1.99999000e+00   1.69200000e-02]
 [  5.86913000e+00  -2.99996000e+00   1.69200000e-02]
 [  7.20741000e+00  -2.99996000e+00  -1.46938000e+00]
 [  7.20741000e+00  -3.99996000e+00  -1.46938000e+00]
 [  5.86913000e+00  -3.99996000e+00   1.69200000e-02]
 [  5.86913000e+00  -5.00000000e+00   1.69200000e-02]
 [  7.87647000e+00  -5.00000000e+00  -2.21245000e+00]]

L = [[ 12.95041  -4.28011   0.     ]
 [ 10.95027  -0.81599   0.     ]
 [ 12.68242   0.18405   0.     ]
 [ 13.68251  -1.54816   0.     ]
 [ 15.41456  -0.54821   0.     ]
 [ 16.41467  -2.28013   0.     ]
 [ 12.95041  -4.28011   0.     ]]