K = [[-1.5      2.46922 -0.39109]
 [-1.5     -2.46922  0.39109]
 [-0.5     -2.46922  0.39109]
 [-0.5     -0.49384  0.07822]
 [ 0.5     -2.46922  0.39109]
 [ 1.5     -2.46922  0.39109]
 [ 0.5     -0.49384  0.07822]
 [ 1.5      2.46922 -0.39109]
 [ 0.5      2.46922 -0.39109]
 [-0.5      0.49384 -0.07822]
 [-0.5      2.46922 -0.39109]
 [-1.5      2.46922 -0.39109]]

E = [[  7.86287000e+00  -5.00000000e+00  -2.42288000e+00]
 [  7.86287000e+00   1.00000000e-05  -2.42288000e+00]
 [  6.09956000e+00   1.00000000e-05   4.10000000e-03]
 [  6.09956000e+00  -1.00002000e+00   4.10000000e-03]
 [  7.27515000e+00  -1.00002000e+00  -1.61395000e+00]
 [  7.27515000e+00  -1.99999000e+00  -1.61395000e+00]
 [  6.09956000e+00  -1.99999000e+00   4.10000000e-03]
 [  6.09956000e+00  -2.99996000e+00   4.10000000e-03]
 [  7.27515000e+00  -2.99996000e+00  -1.61395000e+00]
 [  7.27515000e+00  -3.99996000e+00  -1.61395000e+00]
 [  6.09956000e+00  -3.99996000e+00   4.10000000e-03]
 [  6.09956000e+00  -5.00000000e+00   4.10000000e-03]
 [  7.86287000e+00  -5.00000000e+00  -2.42288000e+00]]

L = [[ 13.46626  -4.17239   0.     ]
 [ 10.63769  -1.34399   0.     ]
 [ 12.05199   0.07029   0.     ]
 [ 13.46634  -1.34406   0.     ]
 [ 14.88056   0.07012   0.     ]
 [ 16.29485  -1.34395   0.     ]
 [ 13.46626  -4.17239   0.     ]]